[283, 284, 285, 286, 287, 338, 339, 340, 341, 342]
[41, 42, 43, 44, 45, 270, 271, 272, 273, 274, 275, 276, 277, 278, 345, 346, 347, 348]
[]
[22, 23, 24, 25, 26, 195, 196, 197, 198, 199, 200, 306, 307, 308, 309, 310, 327, 328, 329, 330, 331]
[152, 153, 154, 155, 156]
[272, 273, 274, 275, 276, 277, 278, 279, 280]
[117, 118, 119, 120, 121, 122, 128, 129, 130, 131, 132, 133]
[169, 170, 171, 172, 173]
[18, 19, 20, 21, 23, 24, 25, 26, 27]
[171, 172, 173, 174, 175, 176]
[67, 68, 69, 70, 71, 74, 75, 76, 79, 80, 81, 82, 85, 86, 87, 88, 89, 90, 103, 104, 105, 106, 107, 108]
[12, 14, 15, 16, 25, 26, 27, 28, 29, 30, 262, 263, 264, 265, 266, 267, 268, 269, 270]
[121, 122, 123, 124]
[19, 20, 21, 22, 23, 29, 30, 31, 32, 33]
[14, 15, 16, 17, 18, 19, 26, 27, 28, 29]
[24, 25, 26, 27, 28, 29, 30]
[114, 115, 116]
[0, 1, 2, 3, 4, 5, 6, 7, 8]
[44, 45, 46, 47, 48, 49, 50, 51, 52]
[]
[241, 242, 243, 244, 245, 246]
[16, 17, 18, 19, 20, 21, 126, 127, 128, 129]
[144, 145, 146, 147, 174, 175, 176, 177, 178, 179, 221, 222, 223, 224, 264, 265, 266, 267, 268, 269]
[25, 26, 27, 28, 29]
[62, 63, 64, 65, 66]
[4, 5, 6, 7, 8, 9, 30, 31, 32, 33, 34, 35]
[28, 29, 30, 31, 70, 71, 72, 73, 74, 75]
[14, 15, 16, 17, 29, 30, 31]
[4, 5, 6, 7, 8]
[159, 160, 161, 162, 163, 178, 179, 180, 181, 182, 183, 184, 652, 653, 654, 655, 656, 657, 700, 701, 702, 703, 704, 705, 706]
[36, 37, 38, 39]
[19, 20, 21, 22]
[16, 17, 18, 19, 20, 21]
[65, 66, 67, 68]
[0, 1, 2]
[167, 168, 169, 170, 171, 172, 173, 174, 175]
[42, 43, 44, 45, 46, 47, 48]
[0, 1, 2, 3, 4, 5, 136, 137, 138, 139, 140, 240, 241, 242, 243, 244, 245, 247, 248, 249, 250, 251, 307, 308, 309, 310, 340, 341, 342, 343, 344, 345, 346]
[96, 97, 98, 99, 100, 138, 139, 140, 141, 142, 143, 147]
[111, 112, 113, 114, 115, 116]
[239]
[333, 931, 932, 933, 934, 935, 936]
[25, 26, 27, 28, 229, 230, 231, 232, 233, 234, 236, 237, 238, 393, 394, 395, 396, 397, 398, 399, 400, 450, 451, 452, 453]
[]
[10, 11, 12, 13, 14]
[0, 1, 2, 3, 4, 5, 84, 85, 86, 138, 139, 140, 141, 142, 202, 203, 204, 205, 206, 207, 208, 209, 210, 316, 317, 318, 319, 320, 321, 322, 436, 437, 438, 439, 440, 441, 442, 443, 459, 460, 461, 462, 463, 464, 465, 466, 467]
[216, 217, 218, 219]
[30, 31, 32, 33, 34, 35, 37, 38, 39]
[26, 27, 28, 29, 30, 31, 32, 33, 34, 35]
[157, 158, 159, 160]
[171, 172, 173, 174, 175, 176, 177, 178, 180, 181, 182, 183]
[16, 17, 18, 19, 20, 66, 67, 68, 69, 70, 71, 72]
[36, 37, 38, 39, 40, 41, 58, 59, 60, 61, 62, 63, 64, 138, 139, 140, 141, 142, 143, 144, 146, 147, 148, 149, 150, 151, 309, 310, 311, 312, 313]
[83, 84, 85, 86, 87, 88, 89, 90, 121]
[31, 32, 33, 34, 35, 36]
[30, 31, 32, 33, 34]
[21, 22, 23, 24, 52, 53, 54, 55, 180, 181, 182, 183, 184, 185, 186]
[160, 161, 162, 163, 164, 165, 543, 544, 545, 546, 547]
[43, 44, 45, 46, 47, 48, 54, 55, 56, 57, 58, 136, 137, 138, 139]
[]
[63, 64, 65, 66, 67, 68]
[86, 87, 88, 89, 90, 91, 92, 93, 94, 193, 194, 195, 196, 197, 198]
[0, 1, 2, 3, 4]
[88, 89, 90, 91, 92]
[86, 87, 88, 89]
[0, 1, 2, 3]
[106, 107, 108, 109, 110, 111]
[51, 52, 53, 54, 55]
[63, 64, 65, 66, 67, 68, 195, 196, 197, 198, 199, 200, 201, 202, 203]
[80, 81, 82, 83, 84, 129, 130, 131, 132, 133, 134, 276, 277, 278, 279, 280, 281, 372, 373, 374, 375, 376, 377, 378, 379]
[262, 263, 264, 265, 266]
[191, 192, 193]
[68, 69, 70, 71, 72, 73, 74]
[134, 135, 136, 137]
[36, 37, 38, 39, 40, 41, 42]
[29, 30, 31, 32, 33, 34, 35, 36, 37, 702, 703, 704, 705, 706, 832, 833, 834, 835, 836, 837, 838, 839, 840, 841, 842, 843, 844]
[0, 1, 2, 3]
[38, 39, 40, 41]
[180, 181, 182]
[19, 20, 21, 22, 23]
[97, 98, 99, 100, 101, 102, 103, 106, 107, 108, 109, 110, 111, 114, 115, 116, 117, 118, 119, 120, 121, 123, 124, 125, 126, 127]
[964, 965, 966, 967, 968, 969]
[0, 1, 2, 3, 4]
[90, 91, 92, 93, 175, 176, 177, 178, 179, 180]
[]
[240, 241, 242, 243, 244, 245, 246, 247, 249, 250, 251, 252, 253]
[74, 75, 76, 77, 78, 93]
[]
[55, 56, 57, 58, 59, 60]
[52, 61, 62, 63, 64]
[0, 1, 2, 3, 4, 5, 6, 7, 8]
[7, 8, 9, 10, 11]
[130, 131, 132, 133, 134, 135, 136, 137, 138, 222, 223, 224, 225]
[0, 1, 2, 3, 4, 5, 6]
[37, 38, 39, 40, 41, 42, 43, 44, 57, 58, 59, 60, 61]
[72, 73, 74, 75, 76, 77, 78, 79, 80, 81]
[0, 1, 2, 3, 4, 5]
[16, 17, 18, 60, 61, 62, 63, 64, 65]
[24, 25, 26, 27, 28, 29, 30]
[15, 16, 17, 18, 19, 312, 313, 314, 315]
[4, 5, 6, 7, 8, 9, 10, 11]
[32, 33, 34, 35, 36, 158, 159, 160, 161, 162]
[134, 135, 136, 137, 138, 139]
[485, 486, 487, 488, 489, 490, 491, 492]
[64, 65, 66, 67, 68]
[137, 138, 139, 140, 141, 314, 315, 316, 317, 378, 379, 380, 381]
[123, 124, 125, 126, 127, 128, 129, 130, 131]
[11, 12, 13, 14, 15]
[140, 141, 142, 143, 144, 145]
[80, 81, 82, 83, 84, 493, 494, 495, 496, 497, 498]
[]
[5, 6, 7, 8, 9, 10, 11, 353, 354, 355, 356, 357, 358, 359]
[26, 27]
[17, 18, 19, 20, 32, 33, 34, 35, 36, 37]
[25, 26, 27, 28, 29, 30, 31, 33]
[59, 60, 61]
[44, 45, 46, 47, 48, 154, 155, 156, 157, 158, 159, 160, 161, 162]
[5, 6, 7, 8, 9, 10, 188, 189, 190, 191, 234, 235, 236, 237]
[170, 171, 172, 173, 174, 175, 176]
[35, 36, 37, 38, 39]
[13, 14, 15, 16, 17, 90, 91, 92, 93]
[146, 147, 148, 149, 150, 172, 173, 174]
[13, 14, 15, 16, 17, 18]
[46, 47, 48, 49]
[64, 65, 66, 67]
[92, 93, 94, 95, 96, 97, 98, 99, 100, 383, 384, 385, 386, 387, 388, 389, 390, 391, 392]
[15, 16, 17, 18, 19, 20, 21, 22]
[37, 38, 39, 40, 41]
[11, 12, 13, 14, 15]
[14, 15, 16, 17, 18, 19, 20, 21, 285, 286, 287, 288, 289, 406, 407, 408, 409, 410, 682, 683, 684, 685, 686, 687, 688, 699, 700, 701, 702, 703, 704]
[]
[9, 10, 11, 12, 13, 14, 15, 16, 17, 55, 56, 57, 58, 59, 60, 61, 124, 125, 126, 127, 128, 129, 130, 140, 141, 142, 143, 144, 145, 146, 147, 190, 191, 192, 287, 288, 289, 290, 291, 347, 348, 349, 350, 351, 352, 353, 355, 356, 357, 358, 369, 370, 371, 372, 373, 400, 401, 402]
[9, 10, 11, 12, 13, 14, 15, 16, 17, 18]
[97, 98, 99, 100, 101, 102]
[114, 115, 116, 117, 118, 119, 120, 121, 290, 291, 292, 293]
[199, 200, 201, 202]
[20, 21, 22, 23]
[142, 143, 144, 145, 146, 147, 148, 149]
[4, 5, 6, 7]
[212, 213, 214, 215, 216, 217, 246, 247, 248, 249, 250, 251]
[21, 22, 23, 24, 25, 26, 110, 111, 112, 113, 114, 115, 143, 144, 145, 146, 147, 148]
[27, 28, 29, 30, 31, 32, 33]
[57, 58, 59, 60]
[4, 5, 6, 7]
[55, 56, 57, 58, 59, 60, 102, 103, 104, 105, 106, 107, 108]
[0, 1, 2, 3, 4, 5, 55, 56, 57, 58, 59, 60, 61, 62, 63, 64]
[0, 1, 2, 164, 165, 166, 230, 231, 232]
[]
[331, 332, 333, 334, 335]
[62, 63, 64, 65, 66, 67, 75, 76, 77, 78, 79, 80, 81, 82, 83]
[58, 59, 60, 61, 62, 63, 116, 117, 118, 119, 124, 125]
[12, 13, 14, 15, 16, 17, 26, 27, 28]
[148, 149, 150, 151, 152, 175, 176, 177, 178]
[14, 15, 16, 17, 18, 104, 105, 106, 107, 108, 109, 110]
[0, 1, 2, 3, 4, 5]
[]
[33, 34, 35, 36, 37, 38, 39, 40, 41, 42]
[]
[0, 1, 2, 3, 4, 5, 6, 7, 8, 9, 10]
[140, 141, 142, 143, 144]
[122, 123, 124, 144, 145, 146, 147, 148, 149, 150, 211, 212, 213, 464, 465, 466, 467, 468, 564, 565, 566, 567, 568, 600, 601, 602, 603, 604]
[233, 234, 235, 236, 237, 238, 239, 240, 241]
[67, 68, 69, 70, 71, 72]
[]
[]
[28, 29, 30, 31, 32]
[118, 119, 120, 121, 122, 123]
[651, 652, 653, 654, 655, 656, 657, 658, 659, 660, 661, 662, 663]
[50, 51, 52, 53]
[52, 53, 54]
[427, 428, 429, 430, 431, 432, 467, 468, 469, 470, 471, 472, 473, 474]
[19, 20, 21, 22, 23, 24]
[77, 78, 79, 80, 81, 82, 83]
[58, 59, 60, 61, 62, 63, 64, 106, 107, 108, 109, 110, 111, 112, 113, 114, 115, 259, 260, 261, 262, 263, 264, 265]
[7, 8, 9, 10, 11]
[12, 13, 14, 15, 16, 17, 18, 19, 20]
[214, 215, 216, 217, 218, 219]
[]
[182, 183, 184, 185, 186, 187]
[112, 113, 114, 115, 116]
[14, 15, 16, 17, 18, 19]
[42, 43, 44, 45, 46, 47]
[]
[0, 1, 2, 3, 4, 5, 6, 7, 8]
[8, 15, 16, 17, 18]
[12, 13, 14, 15, 16]
[214, 215, 216, 217, 218, 219, 292, 293, 294, 295, 296, 297]
[69, 70, 71]
[15, 16, 17, 18]
[235, 236, 237, 238, 239, 240]
[6, 7, 8, 9, 10, 11, 67, 68, 69, 70, 71, 72, 73, 109, 110, 111, 112, 113, 114, 115, 116, 201, 202, 203, 204, 205, 206, 207, 208]
[3, 4, 5, 6]
[56, 57, 58, 59, 60, 61]
[]
[174, 175, 176, 177, 187, 188, 189, 190, 191, 192, 193, 194, 195, 196]
[41, 42, 43, 44, 138, 139, 140, 141, 142, 143]
[22, 23, 24, 25, 26, 27, 28, 29, 30]
[107, 108, 109, 110]
[0, 6, 7, 8, 9, 10, 118, 119, 120, 121, 122, 123]
[233, 234, 235, 236]
[]
[277, 278, 279, 280, 281]
[4, 6]
[0, 1, 2, 3, 4]
[0, 1, 2, 3]
[42, 43, 44, 45, 46, 47, 88, 89]
[168, 169, 170, 171, 172, 173, 174, 175, 347, 348, 349, 350, 351, 352, 353, 371, 372, 373, 374, 651, 652, 653, 654, 655, 656, 657, 658, 659, 704, 705, 706, 707, 708, 709, 710, 890, 891, 892, 893, 944, 945, 946, 947]
[25, 26, 27, 28, 29, 30, 38, 39, 40, 41, 42, 90, 91, 92, 93, 94, 95, 96, 97, 240, 241, 242, 243, 244, 245]
[14, 15, 16, 17, 18, 19, 20, 21, 22, 117, 118, 119, 120, 121, 122, 123, 124, 125]
[584, 585, 586, 587, 588, 589, 676, 677, 678, 679, 680, 817, 818, 819, 820, 821, 822]
[109, 110, 111, 112, 113, 114, 115, 116, 117]
[40, 41, 42, 43, 44, 45, 46, 47, 48]
[0, 1, 2, 3]
[320, 321, 322, 323, 324, 325]
[31, 32, 33, 34]
[]
[156, 157, 158, 159, 160]
[39, 40, 41, 42, 43, 44, 45]
[]
[40, 41, 42, 43, 44, 45]
[102, 103, 104, 105, 106]
[0, 1, 2, 3]
[]
[10, 11, 12, 13, 14, 15, 55, 56, 57, 58, 59]
[47, 48, 49, 50, 51, 52]
[15, 16, 17, 18, 19, 20]
[0, 1, 2, 3, 4, 5, 6, 7, 74, 75, 76, 77, 78, 205, 206, 207, 208, 209]
[122, 123, 124, 125]
[55, 56, 57, 58, 59, 60]
[148, 149, 150, 151, 152]
[9, 10, 11, 12, 62, 63, 64, 65]
[14, 15, 16, 17, 18, 19]
[44, 45, 46, 47, 48]
[41, 42, 43, 44, 45, 46]
[]
[44, 45, 46, 47, 49, 50, 51, 52, 54, 55, 56]
[348, 349, 350, 351]
[13, 14, 15, 16, 17, 18]
[7, 8, 9, 10, 11, 12, 438, 439, 440, 441, 442, 443, 458, 459, 460, 461, 462, 463, 464, 465, 466]
[47, 48, 49, 50, 51, 52, 53, 128, 129, 130, 131, 132]
[59, 60, 61, 62, 63]
[11, 12, 13, 14, 15, 16, 216, 217, 218, 219, 220]
[24, 25, 26]
[5, 6, 7, 8, 9, 10, 11, 12, 13, 469, 470, 471, 472, 473, 474, 475, 476, 477, 595, 596, 597, 598, 599, 600, 601, 602, 603]
[66, 67, 68, 69, 70]
[34, 35, 36, 37, 38, 39, 45, 46, 47, 48, 49]
[558, 559, 560, 561, 601, 602, 603, 604]
[99, 100, 101, 102]
[97, 98, 99, 100, 119, 120, 121, 122, 123, 124, 174, 175, 176, 177, 178, 179, 180, 181]
[12, 13, 14, 15, 16, 17]
[]
[]
[21, 22, 23, 24, 25]
[317, 318, 319, 320, 321, 387, 388, 389, 390, 391]
[80, 81, 82, 83]
[506, 507, 508, 509, 510, 511, 512, 513, 514, 515, 721, 722, 723, 724, 725, 726, 727]
[9, 10, 11, 12]
[94, 95, 96, 97, 287, 288, 289, 290, 291, 292]
[161, 162, 163, 164, 165, 166]
[59, 60, 61, 62, 63, 64, 65, 153, 154, 155, 156, 218, 219, 220, 221, 222, 223, 224]
[19, 20, 21, 22, 23, 24, 25, 26]
[63, 64, 65, 66, 67, 68, 69]
[]
[13, 14, 15, 16]
[56, 57, 58, 59, 60, 61, 108, 109, 110, 111, 112, 113, 139, 140, 141, 142, 143, 144, 145, 146]
[44, 45, 46, 47, 48, 49]
[74, 75, 76, 77, 78, 79, 80, 81, 179, 180, 181, 182, 183, 184]
[308, 309, 310, 311, 312, 313, 314]
[150, 151, 152, 153, 154]
[681, 682, 683, 684, 685, 686, 687, 688, 689, 866, 867, 868, 869, 870, 871, 872]
[48, 49, 50, 51, 52, 53]
[116, 117, 118, 119, 120, 121, 122, 123]
[9, 10, 11, 12, 13, 14, 16, 115, 116, 117, 118, 119, 120, 121]
[19, 20, 21, 22, 23, 24]
[7, 8, 9, 10, 11, 12, 13, 14, 15, 16, 25, 26, 27, 28, 29, 64, 65, 66, 67, 68, 69, 70, 71, 72, 73]
[29, 30, 31, 32, 33, 34]
[49, 50, 51, 52, 53, 54]
[112, 113, 114, 115, 116, 117, 118, 121, 122, 123, 124, 125, 126]
[277, 278, 279, 280, 281, 282]
[386, 387, 388, 389, 390, 423, 424, 425, 426, 427, 428]
[19, 20, 21, 22, 23, 24]
[57, 58, 59, 60]
[131, 132, 133, 134]
[39, 40, 41, 42, 43, 44, 45, 75, 76, 77, 78]
[117, 118, 119, 120, 340, 341, 342, 343, 344, 345, 346, 458, 459, 460, 461, 462, 463, 464]
[238, 239, 240, 241]
[31, 32, 33, 34, 35, 55, 56, 57, 58, 59, 60, 61, 62]
[71, 72, 73, 74, 75, 76, 77, 78, 79, 113, 114, 115, 116, 117, 118, 130, 131, 132, 133, 134, 135, 136, 137, 138, 190, 191, 192, 193, 194, 195, 196, 197, 198, 259, 260, 261, 262, 263, 264]
[]
[21, 22, 23, 24, 25, 26]
[157, 158, 159, 160, 216, 217, 218, 219, 220, 221, 222, 223, 225, 226, 227, 228, 229, 230, 231, 232, 233, 234]
[46, 47, 48, 49]
[8, 9, 10, 11, 12, 73, 74, 75, 76, 77, 232, 233, 234, 235, 236, 237, 238, 239, 240]
[21, 22, 23, 24, 25, 95, 96]
[]
[25, 26, 27, 28, 29, 30, 31, 33, 34, 35, 36, 37, 38, 39, 40, 41, 120, 121, 122, 123]
[300, 301, 302, 303, 304, 305, 306]
[43, 44, 45, 46]
[133, 134, 135, 136, 137, 138, 139, 140]
[65, 66, 67, 68, 69, 70, 71, 72, 87, 88, 89, 90, 91, 92, 93, 95, 96, 97, 98, 99]
[8, 9, 10, 11, 12, 13, 14]
[570, 571, 572, 573, 574, 575, 576, 701, 702, 703, 704, 705]
[237, 238, 239, 240, 241, 242]
[80, 81, 82, 83, 85, 86, 87, 88]
[53, 54, 55, 56, 57]
[25, 26, 27, 28, 57, 58, 59, 60, 61, 62, 63, 64]
[25, 26, 27, 28, 29]
[70, 71, 72, 73, 74, 75, 76, 77, 78, 79, 80, 120, 121, 122, 123, 124, 125]
[78, 79, 80, 81, 82, 83, 84, 90, 91, 92, 93, 94, 95, 96, 97, 98, 99]
[302, 303, 304, 305, 306, 307, 308, 309, 310, 311]
[798, 799, 800, 801, 802, 803, 806, 807, 808, 809, 810, 811, 812, 967, 968, 969, 970, 971, 972]
[155, 156, 157, 158, 159, 160, 161, 162, 163]
[303, 304, 305, 306, 307, 308]
[186, 187, 188, 189, 190, 191, 199, 200, 201, 202, 203, 204]
[18, 19, 20, 21, 22, 23, 24, 25, 79, 80, 81, 82, 83, 84, 85, 86]
[25, 26, 27, 28, 119, 120, 121, 122, 224, 225, 226, 227, 228]
[121, 122, 123, 124, 125, 126, 127, 128, 129, 130]
[70, 72, 73, 74]
[47, 48, 49, 50, 51, 52, 53, 54, 55]
[37, 38, 39, 40, 41]
[55, 56, 57, 58]
[76, 77, 78, 79, 80, 81]
[14, 15, 16, 17, 18, 78, 79, 80, 81]
[3, 4, 5, 6, 35, 36, 37, 38, 116, 117, 118, 119, 120, 121, 122, 123]
[187, 188, 189, 190, 191]
[0, 1, 2, 3, 20, 21, 22, 23]
[24, 25, 26, 27]
[131, 132, 133, 134, 135]
[24, 25, 26, 27, 28]
[44, 45, 46, 47, 48, 49, 50, 51, 52, 53]
[42, 43, 44, 45, 46, 47, 48]
[315, 316, 317, 318]
[69, 70, 71, 72, 73, 74, 75, 76, 77, 78, 79]
[376, 377, 378, 379, 380, 381, 382, 383, 384, 490, 491, 492, 493, 494]
[19, 20, 21, 22, 23]
[198, 199, 200, 201, 202, 203, 204, 205, 206]
[65, 66, 67, 68]
[10, 11, 12, 13, 14, 30, 31, 32, 33, 34, 51, 52, 53, 54, 55]
[135, 136, 137, 138, 139, 140, 157, 158, 159, 160, 161, 162]
[35, 36, 37, 38, 39, 40, 41]
[41, 42, 43, 44, 104, 105, 106, 107]
[22, 23, 24, 25, 26, 28, 29, 30, 31]
[185, 186, 187, 188, 208, 209, 210, 211, 212, 213, 214]
[13, 14, 15, 16, 17]
[27, 28, 29, 30, 31, 32]
[108, 109, 110, 111, 112, 259, 260, 261, 262, 263, 264, 265, 266, 267, 268, 284, 285, 286, 287, 288, 289, 290, 291, 292, 302, 303, 304, 305, 306, 307, 308, 309, 310, 313, 314, 315, 316, 317, 318, 319, 320, 321, 322, 350, 351, 352, 353, 354, 355, 356]
[48, 102, 103, 104, 105, 106]
[32, 33, 34, 35, 36]
[7, 8, 9, 10, 11, 12, 13, 14, 15, 16]
[0, 1, 2, 3, 4, 5, 6, 7]
[14, 15, 16, 17, 18]
[15, 16, 17, 18, 19, 108, 109, 110, 111, 149, 150, 151, 152, 153, 154, 155, 289, 290, 291, 292]
[327, 328, 329, 330, 443, 444, 445, 446, 447, 448, 586, 587, 588, 589, 590, 591, 592, 593, 594]
[52, 53, 54, 55, 56, 57]
[84, 85, 86, 87, 88, 89]
[72, 73, 74, 75, 76, 77, 78]
[]
[206, 207, 208, 209, 210]
[18, 19, 20, 21, 22, 23]
[186, 187, 188, 189, 190, 191, 192, 193, 194, 307, 308, 309, 310, 311, 312]
[115, 116, 117, 118, 119, 120, 121]
[9, 10, 11, 12, 13]
[5, 6, 7, 8, 9, 10, 11, 12, 13, 100, 101, 102, 103, 104]
[18, 19, 20, 21]
[133, 134, 135, 136, 137, 138, 139, 142, 143, 144, 145, 146, 147, 148, 149, 239, 240, 241, 242, 243, 244]
[13, 14, 15, 16]
[31, 32, 33, 34, 35, 36, 37]
[520, 521, 522, 523, 524, 525, 526, 528, 529, 530, 531, 532, 533, 534]
[23, 24, 25, 26, 27, 28, 119, 120, 121, 122, 123, 124, 141, 142, 143, 144, 145, 146, 173, 174, 175, 176, 177, 178, 243, 244, 245, 246, 247, 248]
[7, 8, 9, 10, 11, 12]
[]
[17, 18, 19, 20, 21, 22, 23]
[132, 133, 134, 135, 136]
[118, 119, 120, 121, 122, 123, 124, 125]
[25, 26, 27, 28, 29, 30]
[25, 26, 27, 28, 29, 30, 32, 33, 34, 35, 36, 37, 102, 103, 104, 105, 106, 107, 109, 110, 111, 112, 113, 114]
[8, 9, 10, 11, 12, 13, 14, 15, 16, 113, 114, 115, 116, 117]
[31, 32, 33, 34, 35, 36, 37]
[39, 40, 41, 42, 43, 44, 45, 46, 47]
[40, 41, 42, 43, 44, 45]
[81, 82, 83, 84, 85, 86, 87, 88]
[5, 6, 7, 8, 9, 167, 168, 169, 170, 171, 172, 173]
[285, 286, 287, 288, 289, 290]
[181, 182, 183, 184, 185, 186]
[335, 336, 337, 338, 339, 614, 615, 616, 617, 618, 619, 989, 990, 991, 992, 993, 994, 995, 996]
[29, 30, 31, 32, 33, 34]
[84, 85, 86, 87, 88, 89]
[37, 38, 39, 40, 41, 42]
[80, 81, 82, 83, 84, 85, 86, 87, 88, 89]
[26, 27, 28, 29, 30, 31, 32, 33, 79, 80, 81, 82, 83, 84]
[54, 55, 56, 57, 58, 59]
[191, 192, 193, 194, 196, 197, 198]
[57, 58, 59, 60, 61, 62, 63, 93, 94, 95, 96, 97, 98]
[19, 20, 21, 22]
[]
[4, 5, 6, 7, 66, 67, 68, 69, 138, 139, 140, 141, 142]
[120, 121, 122, 123, 124, 125]
[61, 62, 63, 64, 65, 66]
[12, 13, 14, 15, 16]
[]
[37, 38, 39, 40, 41, 42]
[297, 298, 299, 300, 301]
[134, 135, 136, 137, 138, 139]
[28, 29, 30, 31, 32, 33]
[51, 52, 53, 54, 55, 56]
[456, 457, 458, 459, 460, 461]
[54, 55, 56, 57, 255, 256, 257, 258, 260, 261, 262, 263, 264, 265]
[345, 346, 347, 348, 349, 350]
[230, 231, 232, 233]
[31, 32, 33, 34]
[57, 58, 59, 60, 61, 62, 63, 64, 65, 66, 155, 156, 157, 158, 159, 168, 169, 170, 171, 172]
[0, 1, 2, 3, 4, 5, 6, 7, 8, 9]
[40, 41, 42, 43, 44, 45, 46, 47, 48, 49]
[112, 113, 114, 115, 116, 117, 118]
[]
[24, 25, 26, 27, 28, 29, 30, 31, 300, 301, 302, 303, 304, 305, 306, 307]
[106, 107, 108, 109, 110]
[334, 335, 336, 337, 338, 339]
[109, 110, 111, 112, 113, 114, 115, 116]
[24, 25, 26, 27, 188, 189, 190, 191, 192, 193, 194, 195, 196, 197]
[6, 7, 8, 9, 18, 19, 20, 21]
[41, 42, 43, 44, 45, 46, 246, 247, 248, 249]
[49, 50, 51, 52, 53, 54]
[14, 15, 16, 17, 18, 19]
[25, 26, 27, 28, 29]
[35, 36, 37, 38, 39]
[65, 66, 70, 71, 72, 73, 74, 75, 76, 77]
[15, 16, 17, 18, 19, 20, 21]
[12, 13, 14, 15, 16, 17, 18, 19, 20, 21, 22, 29, 30, 31, 32, 33, 34, 35, 53, 54, 55, 56, 57, 58, 59, 60, 61]
[77, 78, 79, 80, 81]
[25, 26, 27, 28, 29, 30, 31, 32, 33, 34, 219, 220, 221, 222, 223, 224, 225, 226, 227, 228, 230, 231, 232, 233, 234]
[0, 1, 2, 3, 4, 5, 6]
[46, 47, 48, 49, 50, 51]
[47, 48, 49, 50, 51, 52, 139, 140, 141, 142, 143, 144, 282, 283, 284, 285, 286, 287, 288, 289, 367, 368, 369, 370, 371, 372, 373, 374, 375]
[26, 27, 28, 29, 30, 31, 32, 344, 345, 346, 347, 348, 349, 350, 351, 352]
[53, 54, 55, 77, 78, 79, 80, 81, 82]
[26, 27, 28, 29, 30, 31, 32, 33, 41, 42, 43, 44, 45]
[37, 38, 39, 40, 41, 134, 135, 136, 137, 204, 205, 206, 207, 208, 321, 322, 323, 324, 325, 326]
[54, 55, 56, 57, 58]
[4, 5, 6, 7, 8, 83, 84, 85, 86, 87]
[5, 6, 7, 8]
[112, 113, 114, 115, 116, 117, 118, 119]
[16, 17, 18, 19, 20]
[51, 52, 53, 54, 55, 56]
[42, 43, 44, 45, 46, 47, 72, 73, 74, 75, 76, 77]
[83, 84, 85, 86, 87, 88, 89, 90]
[30, 31, 32, 33, 34, 35, 36, 37, 38]
[75, 76, 77, 78]
[87, 88, 89, 90]
[22, 23, 24, 25, 26, 27]
[50, 51, 52, 53, 54, 55]
[162, 163, 164, 165, 166, 167]
[138, 139, 140, 141, 142]
[77, 78, 79, 80, 81, 82, 147, 148, 149, 150, 151, 152, 153, 154, 155]
[14, 15, 16, 17, 18, 19, 20, 21]
[47, 48, 49, 50, 51]
[151, 152, 153, 154, 155, 156]
[20, 21, 22, 23, 24, 25, 26, 27, 28, 29, 55, 56, 57, 58, 59, 60]
[363, 364, 365, 366, 367, 368]
[0, 1, 2, 3]
[168, 169, 170, 171, 172, 173]
[185, 186, 187, 188, 189, 190, 191, 192]
[101, 102, 103, 104, 105, 106]
[32, 33, 34, 35]
[152, 153, 154, 155, 156, 157, 160, 161, 162, 163]
[5, 6, 7, 8, 9, 10, 11, 12]
[29, 30, 31, 32, 33]
[28, 29, 30, 31, 32, 33]
[204, 205, 206, 207, 208]
[20, 21, 22, 23, 24]
[343, 344, 345, 346, 347]
[200, 201, 202, 203, 204, 205, 820, 821, 822, 823, 824, 825, 826, 827, 955, 956, 957, 958, 959, 960, 961]
[201, 202, 203, 204, 205, 206, 207, 208, 209, 210]
[21, 22, 23, 24, 25]
[95, 96, 97, 98, 99, 101, 102, 103, 104, 105, 106, 107]
[19, 20, 21, 22, 23, 24]
[116, 117, 118, 119, 120]
[46, 47, 48, 49, 50, 51, 52, 53, 55, 56, 57, 58, 83, 84, 85, 86, 87, 88, 89]
[220, 221, 222, 223, 224, 225, 226, 227]
[477, 478, 479, 480, 498, 499, 500, 501]
[42, 43, 44, 45, 46, 47, 48, 49, 126, 127, 128, 129, 130, 131, 132, 133, 134, 162, 163, 164, 165, 166, 167, 231, 232, 233, 234]
[]
[144, 145, 146, 147]
[26, 27, 28, 29, 30, 31]
[72, 160, 161, 162, 163, 164, 165]
[45, 46, 47, 48, 49]
[10, 12]
[5, 6, 7, 8, 107, 108, 109, 110, 111, 112, 254, 255, 256, 257, 258, 264, 265, 266, 267, 268, 269, 270, 271, 272]
[16, 17, 18, 19, 20]
[51, 52, 53, 54, 55]
[56, 57, 58, 59, 60, 61]
[34, 35, 36, 37]
[48, 49, 50, 51, 52, 53, 54, 55, 56, 57, 58, 59, 80, 81, 82, 83, 84, 85, 86, 87, 88, 89, 90, 93, 94, 95, 96, 97, 98, 127, 128, 129, 130]
[73, 74, 75, 76]
[187, 192]
[20, 21, 22, 23, 24]
[20, 21, 22, 23, 24, 25, 26]
[147, 148, 149, 150]
[11, 12, 13, 14, 15, 281, 282, 283, 284]
[88, 89, 90, 91, 92]
[]
[77, 78, 79, 80, 81, 82, 83, 84, 114, 115, 116, 117, 118, 119, 121, 122, 123, 124, 134, 135, 136, 137]
[35, 36, 37, 38, 39]
[6, 7, 8, 9, 10, 11]
[28, 29, 30, 31, 55, 56, 57, 58, 59]
[40, 41, 42, 43, 44, 45, 46, 47, 48]
[21, 22, 23, 24, 25, 26, 27, 28]
[0, 1, 2, 3, 34, 35, 36, 37, 38, 164, 165, 166, 167, 168]
[11, 12, 13, 14, 15, 16, 17, 18, 19]
[17, 18, 19, 26, 27, 28, 29, 30, 92, 93, 94, 95, 96, 97]
[4, 5, 6, 7, 8]
[]
[346, 347, 348, 349, 350, 351, 412, 413, 414, 415, 416]
[20, 21, 22, 23, 24, 25]
[8, 9, 10, 11, 12, 13, 14, 15]
[]
[103, 104, 105, 106, 107, 108, 109, 110, 111, 112, 113, 114, 115]
[39, 40, 41, 42, 43, 44]
[45, 46, 47, 48, 49, 50, 51, 52, 53]
[91, 92, 93, 94, 95, 96, 97, 98, 99, 105, 106, 107, 108, 109, 110, 111, 112, 113, 114]
[202, 203, 204, 205, 206, 207, 208]
[100, 101, 102, 103, 104, 105]
[87, 88, 89, 90, 91, 173, 174, 175, 176, 177]
[21, 22, 23, 24, 25]
[17, 18, 19, 20, 21, 22, 23]
[92, 93, 94, 95]
[9, 10, 11, 12, 13]
[172, 173, 174, 175, 176, 177]
[5, 6, 7, 8, 9, 10, 143, 144, 145, 146, 147, 148]
[8, 9, 10, 11]
[40, 41, 42, 43, 44, 45, 46, 47, 48, 203, 204, 205, 206, 207, 208, 209, 210, 211, 217, 218, 219, 220, 221, 222]
[0, 1, 2, 3, 6, 7, 8, 9]
[62, 63, 64, 65, 66, 67]
[]
[46, 47, 48, 49, 50]
[407, 408, 409, 410, 625, 626, 627, 628, 629, 630, 631, 632, 633, 634, 803, 804, 805, 806, 807, 811, 812, 813, 814, 815, 839, 840, 841, 842, 843, 844, 895, 896, 897, 898, 899, 900, 901, 902, 903, 904]
[10, 11, 12, 13, 14, 54, 55, 56, 57, 58, 101, 102, 103, 104, 105, 106, 139, 140, 141, 142, 143]
[433, 434, 435, 436, 437, 438, 439, 440, 441]
[20, 21, 22, 23]
[82, 83, 84, 85, 86, 87]
[20, 21, 22, 23, 24, 25]
[]
[6, 7, 8, 9, 10, 11, 58, 59, 60, 62, 63, 64, 65, 66, 67, 68, 69]
[17, 18, 19, 20, 21, 22, 23, 24, 26, 27, 28, 29, 30]
[]
[]
[6, 7, 8, 9, 10]
[0, 1, 2, 3, 28, 29, 30, 31, 32]
[]
[81, 82, 83, 84, 85]
[143, 144, 145, 146, 147, 148, 149]
[8, 9, 10, 11, 12, 13, 59, 60, 61, 232, 233, 234, 235, 236, 237]
[6, 7, 8, 9, 10]
[]
[635, 636, 637, 638, 639]
[12, 13, 14, 15, 16, 88, 89, 90, 91, 92, 93]
[47, 48, 49, 50]
[30, 31, 32, 33, 34, 35, 36, 49, 50, 51, 52, 53, 54, 117, 118, 119, 120]
[146, 147, 148, 149, 150, 151, 180, 181, 182, 183]
[112, 113, 114, 115, 116, 117, 118, 145, 146, 147, 148, 149, 150, 151]
[128, 129, 130, 131, 132]
[19, 20, 21, 22, 23, 68, 69, 70, 71]
[0, 1, 2, 3]
[25, 26, 27, 28, 29, 30, 571, 572, 573, 574, 575, 576, 577, 578, 579, 580]
[0, 2, 3, 4, 5, 6, 8, 9, 10, 11, 12]
[485, 486, 487, 488]
[65, 66, 67, 68, 69]
[177, 178, 179, 180, 316, 317, 318, 319, 422, 423, 424, 425, 426, 427, 428, 429]
[35, 36, 37, 38, 39, 40, 41, 42, 43, 56, 57, 58, 59, 60, 61]
[13, 14, 15, 16, 17, 18, 19, 20]
[4, 5, 6, 7, 8, 9]
[18, 19, 20, 21, 22, 23, 24, 25, 237, 238, 239, 240, 268, 269, 270, 271, 272]
[412, 413, 414, 415, 416, 417, 425, 426, 427, 428, 429, 430, 431, 432]
[7, 8, 9, 10, 11, 12, 13, 14, 15, 16, 52, 53, 54, 55, 56, 57, 58, 59, 60, 61]
[15, 16, 17, 18, 19, 20, 21, 22, 139, 140, 141, 142, 143, 144]
[40, 41, 42, 43]
[34, 35, 36, 37, 38, 44, 45, 46, 47, 48, 49, 50, 51]
[13, 14, 15, 16, 17, 18, 193, 194, 195, 196, 197, 198, 199, 200, 201]
[0, 1, 2, 3]
[23, 24, 25, 26, 27]
[0, 1, 2, 3, 4, 5]
[167, 168, 169, 170, 171, 172, 226, 227, 228, 229, 230, 231, 269, 270, 271, 272, 273, 274, 293, 294, 295, 296, 297, 298, 300, 301, 302, 303, 304, 305, 306, 307, 465, 466, 467, 468, 469, 470, 533, 534, 535, 536, 537, 538, 539, 540, 595, 596, 597, 598, 599, 600]
[34, 35, 36, 37, 38, 39, 40, 41, 42, 48, 49, 50, 51, 52, 53, 54, 55, 56, 58, 59, 60, 61, 62]
[]
[14, 15, 16, 17, 18, 19, 20, 21]
[43, 44, 45, 46]
[4, 5, 6, 7, 8, 9, 10, 11]
[51, 52, 53, 54, 55, 56, 57, 58, 75, 76]
[13, 14, 15, 16, 17, 18, 19, 20, 21, 22, 104, 105, 106, 107, 108, 109, 110, 111, 112]
[213, 214, 215, 216, 341, 342, 343, 344, 345, 346, 357, 358, 359, 360, 361, 362, 363, 365, 366, 367, 368, 369, 370]
[49, 50, 51, 52, 53, 54]
[8, 9, 10, 11, 12, 83, 84, 85, 86, 87, 88, 89, 90]
[69, 70, 71]
[92, 93, 94, 95]
[9, 10, 11, 12, 13, 14, 15, 16, 22, 23, 24]
[42, 43, 44, 45, 48, 49, 50, 51]
[62, 63, 64, 65]
[22, 23, 24, 25, 26, 27, 28, 29, 30, 31, 32, 33]
[51, 52, 53, 54, 55, 56]
[34, 35, 36, 37, 38]
[63, 64, 65, 66, 67, 68]
[]
[57, 58, 59, 60, 61]
[19, 20, 21, 22, 23, 24, 25, 26, 187, 188, 189, 190, 191, 192]
[40, 41, 42, 43, 44, 45, 46]
[14, 15, 16, 17, 18]
[74, 75, 76, 77, 78, 79, 80, 81]
[149, 150, 151]
[107, 108, 109, 110, 111, 112, 113, 114, 143, 144, 145, 146, 147, 148, 149, 150]
[17, 18, 19, 20, 21, 22, 23, 24, 25, 26, 27]
[8, 9, 10, 11, 12, 13, 14, 15]
[93, 94, 95, 96, 97, 98]
[75, 76, 77, 78, 79]
[8, 9, 10, 11, 12]
[11, 12, 13, 15, 16, 17, 18, 19]
[]
[40, 41, 42, 43, 44, 45, 46, 47, 48, 49, 109, 110, 111, 112, 113, 208, 232, 233, 234, 235, 236]
[107, 108, 109, 110, 111, 112, 113, 114, 115, 116, 127, 128, 129, 130, 131, 132, 133, 134]
[469, 470, 471, 472, 473, 474, 475, 476]
[]
[7, 8, 9, 10, 11, 12, 13, 14, 61, 62, 63, 64]
[29, 30, 31, 32, 33]
[69, 70, 71, 72, 73, 176, 177, 178, 179, 180, 181, 182, 183, 184]
[15, 16, 17, 18]
[32, 33, 34, 35, 36, 37]
[129, 130, 131, 132, 133, 134, 135, 226, 227, 228, 229, 230, 231, 232, 233, 259, 260, 261, 262, 263, 264]
[25, 26, 27, 28, 29]
[0, 1, 2, 3]
[20, 21, 22, 23, 24, 105, 106, 107, 108, 109]
[8, 9, 10, 11]
[17, 18, 19, 20, 21]
[]
[275, 276, 277, 278, 279, 280, 281, 326, 327, 328, 329, 330, 331, 332, 400, 401, 402, 403, 404, 405, 406, 407, 408, 409]
[8, 9, 10, 11, 12, 13, 107, 108, 109, 110, 111, 112, 175, 176, 177, 178, 179, 180, 181, 182, 183, 184]
[261, 262, 263, 264, 265, 266, 267, 268, 360, 361, 362, 363, 364, 365, 366, 367]
[41, 42, 43, 44, 45]
[5, 6, 7, 8, 9, 50, 51, 52, 53, 54, 55, 56, 57]
[]
[52, 53, 54, 55, 56, 57]
[23, 24, 25, 26, 27, 28, 29, 30, 31, 32, 34, 35, 36, 37]
[66, 67, 68, 69, 70]
[425, 426, 427, 428, 429, 457, 458, 459, 460, 461, 462]
[]
[152, 153, 154, 155, 156, 157, 158, 234, 235, 236, 237, 238, 239, 240, 241]
[148, 149, 150, 151, 152, 153]
[58, 59, 60, 61, 62, 63, 136, 137, 138, 139, 140, 141, 142, 143, 144, 145, 146]
[26, 27, 28, 29]
[65, 66, 67, 68, 69, 70, 71, 72, 73]
[]
[112, 113, 114, 115, 116, 117, 118]
[130, 131, 132, 133, 134, 135]
[20, 21, 22, 23, 24, 25]
[4, 5, 6, 7, 8, 291, 292, 293, 294, 295, 296, 297, 298, 625, 626, 627, 628, 629, 630, 631, 633, 634, 635, 636, 637, 638, 639, 640]
[176, 177, 178, 179]
[18, 19, 20, 64, 65, 66, 67]
[119, 120, 121, 122, 123, 124, 125, 126, 127, 128]
[9, 13, 17, 18, 19, 20, 21, 33, 34, 35, 36, 37]
[57, 58, 59, 60, 61, 62, 63, 87, 88, 89, 90]
[69, 70, 71, 72, 73, 74, 102, 103, 104, 105, 106, 167, 168, 169, 170, 171, 194, 195, 196, 197, 198, 199]
[41, 42, 43, 44, 45, 46, 47]
[8, 9, 10, 11, 12, 13, 203, 204, 205, 206, 207, 208]
[0, 1, 2, 3, 4, 103, 104, 105, 106, 107, 132, 133, 134, 135, 136, 143, 144, 145, 146]
[133, 134, 135, 136, 137, 138, 139]
[19, 20, 21, 22, 23, 31, 32, 33, 34, 35, 36, 67, 68, 69, 70, 71, 72, 73, 74, 85, 86, 87]
[184, 185, 186, 187]
[19, 20, 21, 22, 23]
[470, 471, 472, 473, 474, 475, 476, 477]
[10, 11, 12, 13, 15, 17, 18]
[8, 9, 10, 11, 12, 13, 14]
[21, 22, 23, 24, 25, 26, 27, 201, 202, 203, 204, 205, 216, 217, 218, 219, 220, 221, 222]
[59, 60, 61, 62, 63, 64, 65, 66, 510, 511, 512, 513, 514, 515, 516, 517, 518, 627, 628, 629, 630, 631, 632, 633, 634, 635]
[135, 136, 137, 138]
[90, 91, 92, 93, 94]
[637, 638, 639, 640, 641, 642, 643, 644, 704, 705, 706, 707, 708, 709, 710, 711, 712]
[22, 23, 24, 25, 26, 27, 28, 29, 30, 406, 407, 408, 409, 410, 411, 412, 413, 414]
[36, 37, 38, 39, 40, 41, 42, 43]
[67, 68, 69, 70, 71, 72, 73, 74, 75, 76, 77]
[9, 10, 11, 12, 13, 160, 161, 162, 163, 164, 165]
[]
[70, 71, 72, 73, 74, 75]
[0, 1, 2, 3, 4, 5, 48, 49, 50, 51, 52, 53, 54, 55]
[55, 56, 57, 58]
[81, 82, 83, 84, 85, 86, 87, 88, 89, 90, 91, 92, 142, 143, 144, 145, 146, 147, 148, 149, 213, 214, 215, 216, 217, 218, 219, 220, 221]
[44, 45, 46, 47, 48, 49, 50, 51, 52, 53, 54, 55, 270, 271, 272, 273, 274, 275, 276, 277, 278, 279]
[]
[60, 61, 62, 63, 64, 65, 66, 67, 209, 210, 211, 212, 213, 214, 240, 241, 242, 243, 244, 245, 314, 315, 316, 317, 318, 319, 325, 326, 327, 328, 329, 330]
[125, 126, 127, 128, 129]
[45, 46, 47, 48, 49, 136, 137, 138, 139, 140, 141, 142, 143, 144]
[]
[5, 6, 7, 8, 9, 10, 11, 12, 13, 33, 34, 35, 36, 37, 38, 39, 40, 41]
[57, 58, 59, 60, 61, 62]
[19, 20, 21, 22, 23, 24]
[7, 8, 9, 10, 28, 29, 30, 31, 32]
[354, 355, 356, 357, 358, 359, 360, 361, 362, 363]
[14, 15, 16, 17, 18]
[47, 48, 49, 50]
[150, 151, 152, 153, 154, 155, 156, 363, 364, 365, 366, 367, 368, 369, 715, 716, 717, 718]
[33, 34, 35, 36, 37]
[87, 88, 89, 90, 91, 92, 93, 94]
[17, 18, 19, 21, 22, 23]
[19, 20, 21, 22, 95, 96, 97, 98, 99, 100, 101, 167, 168, 169, 170, 171, 172, 173]
[23, 24, 25, 26, 27, 28, 30, 31, 32, 33, 34, 35, 36, 37]
[7, 8, 9, 10]
[168, 169, 170, 171, 172, 173]
[6, 7, 8, 9, 10]
[40, 41, 42, 43, 44]
[144, 145, 146, 147, 148, 149, 150, 151, 152]
[81, 82, 83, 84]
[93, 94, 95, 96, 97, 98, 104, 105, 106, 107, 108, 124, 125, 126, 127, 150, 151, 152, 153, 154, 155, 157, 158, 159, 160, 161, 162, 163]
[90, 91, 92, 93, 94, 95]
[142, 143, 144, 145, 146, 147, 192, 193, 194, 195, 196, 197]
[41, 42, 43, 44, 45, 46]
[0, 1, 2, 3, 10, 11, 12, 13, 14]
[27, 28, 29, 30, 31, 32, 33, 34, 35, 42, 43, 44, 45, 46, 47, 173, 174, 175, 176, 177, 178, 179, 180]
[12, 13, 14, 15, 16, 17]
[]
[]
[30, 31, 32, 33, 52, 53, 54, 55, 56, 57, 58, 59, 61, 62, 63, 64, 65]
[92, 93, 94, 95, 110, 111, 112, 113, 114, 115]
[18, 19, 20, 21, 22]
[]
[8, 9, 10, 11, 517, 518, 519, 520, 521, 617, 618, 619, 620, 621]
[18, 19, 20, 21, 22, 23]
[28, 29, 30, 31, 32, 33, 34, 35, 482, 483, 484, 485, 486, 487, 488, 489, 490]
[159, 160, 161, 162, 254, 255, 256, 257]
[48, 49, 50, 51, 61, 62, 63, 64, 65]
[65, 66, 67, 68, 69, 70, 71, 72, 73, 96, 97, 98, 99, 123, 124, 125, 126, 127, 128, 129]
[55, 56, 57]
[6, 7, 8, 9, 10, 11, 71, 72, 73, 74, 75, 76, 77, 78, 79]
[41, 42, 43, 44, 45, 46, 126, 127, 128, 129, 130, 131, 132, 133]
[48, 49, 50, 51, 52, 53, 54, 56, 57, 58, 59, 60, 62, 63, 64, 65]
[65, 66, 67, 68, 69, 70, 71, 72, 73, 74, 373, 374, 375, 376, 377, 378]
[16, 17, 18, 19, 20]
[11, 12, 13, 14, 15, 16, 17, 110, 111, 112, 113, 114, 115, 116, 138, 139, 140, 141, 142, 143, 144, 197, 198, 199, 200, 201, 413, 747, 963, 964, 965, 966]
[18, 19, 20, 21]
[36, 37, 38, 39, 40, 45, 46, 47, 48, 49, 50, 51, 52, 53]
[]
[20, 21, 22, 23, 24, 25, 26, 27, 29, 30, 31, 32, 33, 34, 35, 36, 37, 38, 50, 51, 52, 53, 118, 119, 120, 121, 122, 123, 128, 129, 130, 131, 132, 133]
[165, 166, 167, 168, 169, 170, 314, 315, 316, 317, 318, 319, 320, 321, 322, 323, 445, 446, 447, 448, 449, 450, 451, 504, 505, 506, 507, 508, 509, 510, 511]
[]
[]
[158, 159, 160, 161, 162]
[32, 33, 34, 35, 75, 76, 77, 78, 79]
[19, 20, 21, 22, 23, 24]
[219, 220, 221, 222, 223, 224, 225, 226, 227, 228]
[111, 112, 113, 114, 115, 116, 117, 296, 297, 298, 299, 300, 301]
[8, 9, 10, 11, 12]
[126, 127, 128, 129, 130]
[28, 29, 30, 31, 32]
[40, 41, 42, 43, 44, 45, 46, 47, 48]
[43, 44, 45, 46, 47, 48, 49, 50, 71, 72, 73, 74, 75, 76, 77, 79, 80, 81, 82, 83, 84]
[]
[162, 163, 164, 165, 166, 167, 168, 169, 170]
[12, 13, 14]
[35, 36, 37]
[50, 51, 52, 53, 54, 55, 56, 57, 62, 63, 64, 65, 66]
[16, 17, 18, 19, 20, 21, 345, 346, 347, 348, 349, 350]
[141, 142, 143, 144]
[133, 134, 135, 136, 137, 138]
[14, 15, 16, 17, 18, 431, 432, 433, 434, 435, 452, 453, 454, 455, 456, 457, 458, 459, 460, 461]
[37, 38, 39, 40, 41, 42, 47, 48, 49, 50, 51]
[32, 33, 34, 35]
[4, 5, 6, 7, 8, 9, 10]
[49, 50, 51, 52, 53]
[122, 123, 124, 125, 126, 127]
[273, 274, 275, 276, 277, 278, 330, 331, 332, 333]
[18, 19, 20, 21, 22, 23, 24, 31]
[24, 25, 26, 27, 28]
[5, 6, 7, 8, 9, 10, 11, 12, 13, 175, 176, 177, 178, 179, 180, 181, 182, 298, 299, 300, 301, 302, 303]
[34, 35, 36, 37, 38, 39, 40]
[31, 32, 33, 34]
[57, 58, 59, 60, 61, 62]
[48, 49, 50, 51, 52, 53, 54, 55, 56, 273, 274, 275, 276, 277, 278, 279, 280, 281]
[533, 534, 535, 536, 537, 538]
[258, 259, 260, 261, 262, 263, 264, 453, 454, 455, 456, 457, 458, 459]
[78, 79, 80, 81, 82, 83, 84, 85, 86]
[0, 1, 2, 3, 6, 7, 8, 9, 10, 11, 14, 15, 16, 17, 18, 21, 22, 23, 24, 25, 26, 27, 28, 29, 30]
[149, 150, 151, 152, 153, 154]
[]
[115, 116, 117, 118, 119, 120, 153, 154, 155, 156, 157, 158]
[14, 15, 16, 17, 18]
[183, 184, 185, 186, 187, 188]
[232, 233, 234, 235, 236, 237]
[54, 55, 56, 57, 58, 59, 60]
[71, 72, 73, 74, 75, 76]
[19, 20, 21, 22]
[]
[24, 25, 26, 27, 28, 29, 30]
[27, 28, 29, 30, 31, 32, 33]
[104, 105, 106, 107, 108]
[41, 42, 43, 44, 45, 46, 267, 268, 269, 270, 271, 272, 273, 274, 484, 485, 486, 487, 488, 489]
[52, 53, 54, 55, 56, 57, 58, 59, 122, 123, 124, 125]
[36, 37, 38, 39, 40, 42, 43, 44, 45, 46, 47, 48, 49, 50]
[156, 157, 158, 159, 165, 166, 167, 168, 169, 170, 171, 172]
[18, 19, 20, 21, 22, 23, 72, 73, 74, 75, 76, 77, 78, 79, 80, 81, 88, 89, 90, 91, 92, 93, 94, 95, 114, 115, 116, 117, 118]
[16, 17, 18, 19]
[56, 57, 58, 59, 60, 61, 62, 63, 64, 66, 67, 68, 69, 70, 71, 72, 74, 75, 76, 77]
[10, 11, 12, 13, 14]
[20, 21, 22, 23, 57, 58, 59, 60, 61]
[0, 1, 2, 3, 4, 5, 6, 7]
[110, 111, 112, 113, 114, 115, 116, 117, 118]
[164, 165, 166, 167, 168, 169, 170, 341, 342, 343, 344, 345, 346, 347, 349, 350, 351, 352, 353, 354]
[13, 14, 15, 16, 17, 18, 19, 20, 22, 23, 24, 25]
[18, 19, 20, 21, 22, 23, 24, 26, 27, 28, 29, 30, 31, 32, 163, 164, 165, 204, 205, 206, 207]
[12, 13, 14, 15, 16, 17]
[311, 312, 313, 314, 315, 316, 317, 318, 319, 320]
[31, 32, 33, 34, 35, 36]
[50, 51, 52, 53]
[32, 33, 34, 35, 36]
[13, 14, 15, 16]
[0, 1, 2, 3, 4, 5, 38, 39, 40, 41, 42, 43, 44, 45, 46, 84, 86, 87, 88, 330, 331, 332, 333]
[123, 124, 125, 126, 127, 128, 129, 130]
[52, 53, 54, 55, 56, 57, 58]
[67, 68, 69, 70, 71, 72, 73, 96]
[19, 20, 21, 22, 42, 43, 44, 45, 46, 47]
[37, 38, 39, 40, 41, 86, 87, 88, 89, 90, 91, 92, 93, 188, 189, 190, 191, 192, 193, 194]
[136, 137, 138, 139, 140, 141, 299, 300, 301, 302, 303, 304, 305, 306, 307]
[21, 22, 23, 24, 25, 72, 73, 74, 75, 76]
[28, 29, 30, 31, 32, 33]
[217, 218, 219, 220, 221]
[73, 74, 75, 76, 77, 78, 81, 82, 83, 84, 85, 86, 106, 107, 108, 109, 110, 111, 158, 159, 160, 161, 162, 163, 164, 165, 166, 330, 331, 332, 333, 334, 335]
[34, 35, 36, 37, 38]
[176, 177, 178, 179, 180, 181, 182, 183, 184]
[]
[26, 27, 28]
[149, 150, 151, 152, 153, 154, 155, 157, 158, 159, 160, 161, 162, 163, 164, 165]
[17, 18, 19, 20]
[86, 87, 88, 89, 91, 92, 93, 94, 95, 96, 97, 98]
[490, 491, 492, 493, 494, 495, 496]
[48, 49, 50, 51, 52, 53, 54, 55, 162, 163, 164, 165, 166, 167, 168]
[16, 17, 18, 19, 20, 53, 54, 55, 56, 57, 58, 59]
[857, 858, 859, 860, 861, 862, 863, 864, 865, 866, 867]
[5, 6, 7, 8, 9, 10, 11, 12, 13]
[195, 196, 197, 198, 199]
[5, 6, 7, 8]
[11, 12, 13, 14, 15]
[109, 110, 111, 112, 113, 114, 115, 116]
[3, 4, 5, 6, 7]
[96, 97, 98, 100, 101, 102, 103, 104, 105]
[33, 34, 35, 36, 37]
[213, 214, 215, 216, 217, 218, 219, 220]
[81, 82, 83, 84, 85, 86, 87, 88, 89, 93]
[0, 1, 2, 3, 4, 5, 6, 7]
[3, 4, 5, 6, 7]
[20, 21, 22, 23, 24, 25, 26, 27, 29, 30, 31, 32, 33, 111, 112, 113, 114, 115, 116]
[]
[12, 13, 14, 15, 16]
[]
[1, 2, 3, 4, 5, 6, 14, 15, 16, 17, 18, 19]
[10, 11, 12, 13, 14, 15]
[88, 89, 90, 91, 92, 93, 94]
[0, 1, 2, 3, 5, 6, 7, 8, 90, 91, 92, 93, 94, 95, 96, 97, 149, 150, 151, 152, 153, 154, 155, 156]
[5, 6, 7, 8, 9]
[7, 8, 9, 10, 11, 28, 29, 30, 31, 32, 33, 142, 143, 144, 145, 146]
[72, 73, 74, 75, 76, 77, 78, 79]
[42, 43, 44, 45, 46, 47, 48, 49, 50, 180, 181, 182, 183, 184, 185, 186, 187]
[19, 20, 21, 22, 23, 24, 25, 26]
[]
[35, 36, 37, 38, 39, 40, 41, 42, 43, 44]
[10, 11, 12, 13, 14]
[863, 864, 865, 866, 867]
[65, 66, 67, 68, 69, 70, 71, 72, 75, 76, 77, 78, 79, 80, 81, 111, 112, 113, 114, 115, 362, 363, 364, 365, 366, 367, 368, 369, 370, 371]
[8, 9, 10, 11, 12]
[56, 57, 58, 59, 60, 61, 62, 76, 77, 78, 79, 81, 82, 83, 84, 85, 86, 87]
[17, 18, 19, 20, 21, 22, 23]
[235, 236, 237, 238, 239, 240, 241, 242, 249]
[519, 520, 521, 522, 523]
[110, 111, 112, 113, 114, 115, 116, 117, 118]
[5, 6, 7, 8, 9, 10, 261, 262, 263, 264, 265]
[26, 27, 28, 29, 30]
[8, 9, 10, 11, 227, 228, 229, 230, 231, 232]
[19, 20, 21, 22, 23, 24, 25, 83, 84, 85, 86]
[]
[23, 24, 25, 26, 27, 28]
[21, 22, 23, 24, 25, 26]
[19, 20, 21, 22, 23]
[13, 14, 15, 16, 27, 28, 29, 30, 31, 32, 33, 34, 35, 37, 38, 39, 40, 41, 42]
[]
[90, 91, 92, 93, 94, 95]
[23, 24, 25, 26]
[7, 8, 9, 10, 11, 12]
[257, 258, 259, 260, 261, 262, 263, 264, 265, 282, 283, 284, 285, 286, 287, 288, 289, 290, 381, 382, 383, 384, 385, 386, 387, 388, 389]
[28, 29, 30, 31, 32, 33, 34, 48, 49, 50, 51]
[194, 195, 196, 197, 198, 199, 200, 316, 317, 318, 319, 320, 321, 322, 323, 328, 329, 330, 331, 332, 333]
[]
[69, 70, 71, 72, 73]
[18, 19, 20, 21, 22, 23, 68, 69, 70, 71, 72, 73, 74, 75, 76]
[15, 16, 17, 18, 19, 20, 21, 22]
[180, 181, 182, 183, 184, 185, 186, 187]
[13, 14, 15, 16, 36, 37, 38, 39]
[51, 52, 53, 54, 55, 56]
[49, 50, 51, 52, 53, 54]
[0, 1, 2, 3, 4, 668, 669, 670, 671, 672, 673, 674, 675, 676, 848, 849, 850, 851]
[77, 78, 79, 80, 81, 82]
[]
[94, 95, 96, 97, 387, 388, 389, 390, 391, 392, 393, 394, 395, 397, 398, 399, 400, 401, 402, 403, 404, 405, 406, 407]
[297, 298, 299, 300, 301, 302, 303, 304]
[114, 115, 116, 117, 118, 119, 120]
[162, 163, 164, 165, 166, 167]
[355, 356, 357, 358, 359, 360, 361, 362, 363, 364]
[144, 145, 146, 147, 148, 167, 168, 169, 170, 171, 172, 173, 302, 303, 304, 305, 306, 307, 308, 309, 311, 312, 313, 314, 315, 316, 317]
[45, 46, 47, 48, 49, 50]
[32, 33, 34, 35, 36]
[132, 133, 134, 135, 136, 137, 138]
[79, 80, 81, 82, 83, 84, 85, 91, 92, 93, 94, 95, 96, 97, 98, 99, 326, 327, 328, 329, 330, 331, 332, 334, 335, 336, 337, 338, 339, 350, 351, 352, 353, 354, 355, 356, 357, 358]
[57, 58, 59, 60]
[5, 6, 7, 8, 9, 34, 35, 36, 37, 38, 39, 40, 41, 47, 48, 49, 50, 51, 52, 53, 54]
[28, 29, 30, 31, 32, 33, 117, 118, 119, 120, 121]
[177, 178, 179, 180, 181, 182, 183]
[5, 6, 7, 8, 9, 10, 11]
[62, 63, 64, 65, 66, 93, 94, 95, 96, 97]
[23, 24, 25, 26, 27]
[16, 17, 18, 19, 20, 21]
[96, 97, 98, 99]
[35, 36, 37, 38, 39, 40, 41, 42]
[]
[0, 1, 2, 3, 4, 5, 6, 7, 8, 9]
[6, 7, 8, 9, 10, 76, 77, 78, 79, 80, 81, 84, 85, 86, 87, 88, 89, 90, 91, 92]
[127, 128, 129, 130, 131, 132, 133, 134, 135]
[8, 9, 10, 11, 12, 13, 14, 15, 16]
[29, 30, 31, 32, 33, 34, 35]
[8, 10, 11, 12, 82, 83, 84, 85, 86, 211, 212, 213, 214, 215, 247, 248, 249, 250, 251, 252, 253, 254, 255]
[590, 591, 592, 593, 594, 595, 601, 602, 603, 604, 655, 656, 657, 658, 659, 675, 676, 677, 678, 679, 707, 708, 709, 710, 711, 754, 755, 756, 757, 758]
[73, 74, 75, 76, 77, 93, 94, 95, 96, 97, 98, 99, 112, 113, 114, 115, 116, 180, 181, 182, 183, 184]
[0, 1, 2, 3, 4, 5, 15, 16, 17, 18, 19, 20, 48, 49, 50, 51, 52, 53]
[66, 67, 68, 69, 70, 71, 72, 73, 74, 75, 162, 163, 164, 165, 166]
[41, 42, 43, 44, 45, 46, 47, 117, 118, 119, 120, 121]
[373, 374, 375, 376, 377]
[8, 9, 10, 11, 12, 14, 15, 16, 17, 18, 19, 20, 21, 22, 86, 87, 88, 89, 90, 91, 92, 93, 148, 149, 150, 151, 152, 153, 154, 155, 157, 158, 159, 160]
[37, 38, 39, 40]
[12, 13, 14, 15, 16]
[18, 19, 20, 21, 306, 307, 308, 309, 644, 645, 646, 647, 648, 649, 650, 651, 652, 653]
[0, 1, 2, 3, 5, 6, 7, 8, 9, 121, 122, 123, 124, 125, 126]
[44, 45, 46, 47, 48]
[49, 50, 51, 52, 53, 54, 55, 56, 57, 58, 78, 79, 80, 117, 118, 119, 120, 121, 122, 123, 124]
[130, 131, 132, 133, 134]
[136, 137, 138, 139, 140, 141, 142, 143, 144]
[18, 19, 20, 21, 22]
[62, 63, 64, 65, 66]
[0, 1, 2, 3, 39, 40, 41, 42]
[45, 46, 47, 48, 49]
[26, 27, 28, 29, 30, 31, 378, 379, 380, 381, 382, 383, 392, 393, 394, 395, 396, 397, 435, 436, 437, 438, 439, 440, 441]
[5, 6, 7, 8, 9]
[122, 123, 124, 125, 126, 127, 208, 209, 210, 211, 212, 213, 236, 237, 238, 239, 240, 241, 242, 243, 244]
[0, 1, 2, 3, 74, 75, 76, 77, 78, 79, 80, 81]
[98, 99, 100, 101, 102, 103, 104, 105, 106, 107]
[86, 87, 88, 89, 90, 91]
[9, 10, 11, 12, 24, 25, 26, 27, 28, 29]
[100, 101, 102, 103, 104, 105]
[]
[]
[7, 8, 9, 10]
[31, 32, 33, 34, 35, 36, 112, 113, 114, 115]
[5, 6, 7, 8, 9, 10, 44, 45, 46, 47, 48, 49]
[88, 89, 90, 91, 169, 170, 171, 172, 173]
[82, 83, 84, 85, 86, 87, 421, 422, 423, 424, 425, 426]
[14, 15, 16, 17, 34, 35, 36, 37, 38, 39, 40]
[]
[129, 130, 131, 132, 133, 134, 135, 167, 168, 169, 170, 171, 172, 173, 174]
[26, 27, 28, 29, 30, 31, 32, 33]
[8, 9, 10, 11]
[79, 80, 81, 82]
[18, 19, 20, 21, 22, 23]
[0, 1, 2, 3, 4, 5, 6, 7]
[116, 117, 118, 119, 120]
[381, 382, 383, 384, 385, 386, 387, 389, 390, 391, 392, 393, 394, 395, 396]
[]
[328, 329, 330, 331, 332, 333]
[50, 51, 52, 53, 54]
[19, 20, 21, 22, 23, 24, 29, 30, 31, 32, 33, 34, 114, 115, 116, 117]
[11, 12, 13, 14, 488, 489, 490, 491, 492, 493]
[116, 117, 118, 119, 120, 121, 165, 166, 167, 177, 178, 179, 180, 181, 182, 183, 206, 207, 208, 209, 210, 211, 212, 213, 214, 215]
[17, 18, 19, 20, 37, 38, 39, 40, 41, 42]
[63, 64, 65, 66, 67]
[37, 38, 39, 40, 41, 42, 43]
[58, 59, 60, 61, 62, 63, 64, 65, 66, 67, 89, 90, 91, 92, 93, 184, 185, 186, 187, 188]
[79, 80, 81, 82, 83, 84]
[74, 75, 76, 77, 78]
[33, 34, 35, 36, 274, 275, 276, 277, 288, 289, 290, 291, 292, 293, 294, 336, 337, 338, 339, 340, 341, 342, 343]
[52, 53, 54, 55, 56, 98, 99, 100, 101, 102, 109, 110, 111, 112, 113, 114, 115, 116, 122, 123, 124, 125, 126, 127, 128, 129]
[45, 46, 47, 48, 49, 50, 51, 52]
[47, 48, 49, 50, 51, 52, 53]
[118, 119, 120, 121, 122, 123, 124]
[42, 43, 44, 45, 46]
[17, 18, 19, 20]
[8, 9, 10, 11, 12, 13, 14, 15, 17, 18, 19, 20, 21]
[105, 106, 107, 108, 109, 116, 117, 118, 119, 120, 121, 122, 123, 124]
[8, 9, 10, 11, 12, 13, 14, 15, 17, 18, 19, 20, 21, 23, 24, 25, 26, 27, 28, 29, 30, 31]
[179, 180, 181, 182, 183]
[19, 20, 21, 22, 23, 24, 25, 26, 27]
[]
[72, 73, 74, 75, 76, 77, 78, 79, 80, 81]
[170, 171, 172, 173, 174, 175, 176, 177]
[125, 126, 127, 128, 309, 329, 330, 331, 332, 333]
[73, 74, 75, 76, 77, 78, 79, 975, 976, 977, 978, 979, 980]
[]
[142, 143, 144, 145, 146, 147, 148, 149]
[]
[30, 31, 32, 33, 34, 35]
[672, 673, 674, 675, 676, 677, 678, 685, 686, 687, 688, 689, 690, 691, 692]
[0, 1, 2, 3, 11, 12, 13, 14, 15, 16]
[34, 35, 36, 37]
[13, 14, 15, 16, 17, 18]
[53, 54, 55, 56, 57, 58, 59]
[]
[287, 288, 289, 290, 291, 292]
[48, 49, 50, 51, 52]
[38, 39, 40, 41, 42, 43, 44, 46, 47, 48, 49, 50, 51, 52]
[9, 10, 11, 12, 13, 14, 15, 16, 106, 107, 108, 109, 110, 111, 249, 250, 251, 252, 253, 254]
[99, 100, 101, 102, 103, 104]
[381, 382, 383, 384, 385]
[116, 117, 118, 119, 120, 121, 201, 202, 203, 204, 205, 206, 265, 266, 267, 268, 269, 310, 311, 312, 313, 314, 315, 316, 327, 328, 329, 330, 331, 332]
[3, 4, 5, 6, 7]
[149, 150, 151]
[628, 629, 630, 631]
[61, 62, 63, 64, 65, 66, 109, 110, 111, 112, 113, 114]
[75, 76, 77, 78, 79, 80, 81, 82, 84, 85, 86, 87, 88]
[68, 69, 70, 71, 72]
[167, 168, 169, 170]
[11, 12, 13, 14, 15, 16, 17]
[48, 49, 50, 51, 52]
[170, 171, 172, 173, 174, 175]
[8, 9, 10, 11, 12]
[8, 9, 10, 11, 12]
[29, 30, 31, 32, 33, 34]
[3, 4, 5, 6, 7, 89, 90, 91, 92, 93]
[8, 9, 10, 11, 12, 13, 99, 100, 101, 102, 103, 104, 105, 106, 107, 108]
[5, 6, 7, 8, 27, 28, 29, 30]
[10, 11, 12, 13, 14]
[160, 161, 162, 163, 164]
[5, 6, 7, 8, 9, 115, 116, 117, 118, 119, 120, 128, 129, 130, 131, 132, 133]
[147, 148, 149, 150, 151, 152, 153, 154]
[]
[]
[]
[196, 197, 198, 199, 200, 201, 202]
[466, 467, 468, 469, 470, 475, 476, 477, 478]
[16, 17, 18, 19, 20]
[31, 32, 33, 34, 35, 36, 37, 160, 161, 162, 163, 164, 165, 166, 167, 190, 191, 192, 193, 194, 195, 196, 206, 207, 208, 209, 210, 211]
[96, 97, 98, 99, 100, 101]
[103, 104, 105, 106, 107, 108, 109]
[8, 9, 10, 11, 12, 13, 14]
[31, 32, 33, 34, 35, 347, 348, 349, 350, 351, 352, 353, 409, 410, 411, 412, 413, 414, 415, 416]
[62, 63, 64, 65, 66]
[48, 49, 50, 51, 52, 53, 226, 227, 228, 229, 230, 231, 232]
[157, 158, 159, 160, 161, 162, 163, 164, 165, 166, 295, 296, 297, 298, 299]
[4, 5, 6, 7, 8, 9, 46, 47, 48, 49, 50]
[413, 414, 415, 416, 417, 418, 419, 420, 523, 524, 525, 526, 527]
[68, 69, 70, 71, 72, 73]
[42, 43, 44, 45]
[253, 254, 255, 256, 257, 265, 266, 267, 268, 269, 270]
[82, 83, 84, 85, 86, 87, 89, 90, 91, 92]
[16, 17, 18, 19, 20]
[11, 12, 13, 14, 15, 16, 40, 41, 42, 43, 44, 45]
[86, 87, 88, 89, 90, 96, 99]
[48, 49, 50, 51, 52, 53]
[233, 234, 235, 236]
[]
[44, 45, 46, 47, 48]
[]
[28, 29, 30, 31, 32]
[10, 11, 12, 13, 14]
[50, 51, 52, 53, 54, 84, 85, 86, 87, 88]
[87, 88, 89, 90]
[19, 20, 21, 22, 23]
[45, 46, 47, 48, 49]
[0, 1, 2]
[35, 36, 37, 38]
[16, 17, 18, 19, 20, 21, 22, 23, 24, 170, 171, 172, 173, 174, 175, 176]
[89, 90, 91, 92, 93, 94]
[8, 9, 10, 11, 12, 13, 14, 15, 198, 199, 200, 201, 202, 203, 204, 205]
[22, 23, 24, 25, 26, 27]
[143, 144, 145, 146, 147, 148, 149, 150]
[20, 21, 22, 23, 24, 25, 26, 27, 28]
[95, 96, 97, 98, 99, 100, 101, 102, 103]
[15, 16, 17, 18, 19, 20]
[109, 110, 111, 112, 113, 114, 115, 116, 117]
[172, 186, 187, 188, 189, 190, 191]
[13, 14, 15, 16, 17, 18, 19, 20, 22, 23, 24]
[43, 44, 45, 46, 47, 96, 97, 98, 99]
[21, 22, 23, 24, 25, 26]
[8, 9, 10, 11, 12, 13, 14, 15, 16, 17]
[11, 12, 13, 14]
[27, 28, 29, 30, 31, 32]
[15, 16, 17, 18, 19, 20, 258, 259, 260, 261, 262, 263, 365, 366, 367, 368]
[39, 40, 41, 42, 43]
[5, 6, 7, 8, 9, 10]
[25, 26, 27, 28, 29, 30, 160, 161, 162, 163, 164, 165, 166, 167]
[110, 172, 173, 174, 175, 176, 177, 178, 179]
[51, 52, 53, 54, 55, 100, 101, 102, 103, 104, 105, 106, 107, 108]
[36, 37, 38, 39]
[237, 238, 239, 240, 241, 242, 243, 244, 284, 285, 286, 287, 288, 289, 290, 291, 292, 293, 430, 431, 432, 433, 434, 435, 436, 437, 438]
[11, 12, 13, 14, 15]
[112, 113, 114, 324, 325, 326]
[10, 11, 12, 13, 14, 15, 16, 17, 18, 19]
[24, 25, 26, 27]
[74, 75, 76, 77, 78]
[20, 21, 22, 23, 24, 25, 26, 27, 28]
[287, 288, 289, 290, 291, 324]
[8, 9, 10, 11, 12]
[7, 8, 9, 10, 11, 12, 13, 23, 24, 25, 26]
[7, 8, 9, 10, 11, 12, 13, 14, 15, 16, 102, 103, 104, 105, 106, 107, 108, 109, 110]
[15, 16, 17, 18, 19, 112, 113, 114, 115, 116, 117]
[278, 279, 280, 281, 282]
[67, 68, 69, 70, 71, 72, 73, 74, 75]
[363, 364, 365, 366, 367, 368, 369, 372, 373, 374, 375, 376, 528, 529, 530, 531, 532]
[78, 79, 80, 81, 82, 83, 84, 85, 86]
[0, 1, 2, 6, 7, 8, 9]
[75, 76, 77]
[47, 48, 49, 50, 51, 52]
[71, 72, 73, 74, 75, 76, 187, 188, 189, 190, 191, 192, 193, 194, 195, 196]
[0, 1, 2, 3, 4]
[47, 48, 49, 50, 51, 54, 55, 56, 57, 58, 59]
[12, 13, 14, 15, 16, 17, 41, 42, 43, 44, 45, 46]
[7, 8, 9, 10, 11, 12]
[44, 45, 46, 47, 48, 49, 318, 319, 320, 321, 322, 323, 324]
[545, 546, 547, 548, 549, 550, 551, 552, 553, 554, 555, 556]
[]
[12, 13, 14, 15, 16, 17, 18, 19, 21, 22, 23, 24, 25, 26, 27, 28, 29, 34, 35, 36, 37, 38, 39, 40, 41]
[93, 94, 95, 96, 97, 98, 99, 116, 117, 118, 119, 120, 121]
[3, 80, 81, 82, 83, 84, 85]
[0, 1, 2, 3, 166, 167, 168, 169, 170, 171]
[22, 23, 24, 25, 26]
[494, 495, 496, 497, 498, 499, 500, 501, 502, 503, 504, 505]
[42, 43, 44, 45, 46, 47, 58, 59, 60, 61, 62, 63]
[145, 146, 147, 148, 149, 150]
[15, 16, 17, 18, 19, 20, 21, 22, 23, 24, 98, 99, 100, 101, 102, 103, 104, 105, 106]
[]
[19, 20, 21, 22, 62, 63, 64, 65, 66]
[170, 171, 172, 173, 174, 175]
[9, 10, 11, 12, 13, 14, 15]
[30, 31, 32, 33, 34, 35, 36, 37, 38, 255, 256, 257, 258, 259, 508, 509, 510, 511, 512, 513]
[78, 79, 80, 81, 82, 83]
[]
[18, 19, 20, 21, 22, 23, 24, 25]
[]
[37, 38, 39, 40, 41, 42, 43, 44]
[36, 37, 38, 39, 78, 79, 80, 81, 82, 83]
[0, 1, 2, 3, 10, 11, 12, 13]
[0, 1, 2, 3, 14, 15, 16, 17, 18, 19, 20]
[59, 60, 61, 62, 63, 64]
[26, 27, 28, 29, 30]
[45, 46, 47, 48, 49, 50, 51, 52]
[107, 108, 109, 110, 112, 113, 114, 115]
[217, 218, 219, 220, 221, 222, 263, 264, 265, 266, 267, 268]
[89, 90, 91, 92, 93, 94]
[8, 10, 11, 12, 163, 164, 165, 166, 167, 183, 184, 185, 186, 187, 188, 189, 219, 220, 221, 222, 223, 224, 225]
[8, 9, 10, 11, 12, 13, 14, 15]
[22, 23, 24, 25, 27, 28, 29, 30, 31, 32]
[111, 112, 113]
[125, 126, 127, 128, 129, 130]
[71, 72, 73, 74, 75]
[50, 51, 52, 53]
[245, 246, 247, 248, 249]
[22, 23, 24, 25, 26]
[194, 195, 196, 197, 198]
[15, 16, 17, 18, 19, 26, 27, 28, 29, 30, 31]
[18, 19, 20, 21, 22, 23, 24, 25, 26]
[19, 20, 21, 22, 23, 24, 25]
[17, 18, 19, 20, 73, 74, 75, 76]
[23, 24, 25, 26, 27, 28]
[34, 35, 36, 37, 38]
[18, 19, 20, 21, 22]
[42, 43, 44, 45, 46]
[12, 13, 14, 15, 16, 17, 18]
[13, 14, 15]
[85, 86, 87]
[131, 132, 133, 134, 135, 136, 137, 138]
[11, 12, 13, 14, 15, 16, 17, 18, 19]
[54, 55, 56, 57]
[24, 25, 26, 27, 28, 29, 30]
[24, 25, 26, 27]
[208, 209, 210, 211, 748, 749, 750, 751, 752]
[803, 804, 805, 806, 807, 813, 814, 815, 816, 817, 818, 869, 870, 871, 872, 873, 874, 875]
[21, 22, 23, 24, 25, 26, 255, 256, 257, 258, 259, 260, 261, 262, 263, 264]
[97, 98, 99, 100, 101]
[84, 85, 86, 87]
[9, 10, 11, 12, 13, 14, 88, 98, 99, 100, 101, 196, 197, 198, 199, 200, 201, 202, 204, 205, 206, 207, 208, 209]
[27, 28, 29, 30, 58, 59, 60, 61, 62, 63, 64, 65]
[132, 133, 134, 135]
[59, 60, 61, 62, 63, 64, 65, 161, 162, 163, 164]
[34, 35, 36, 37, 38, 64, 65, 66, 67, 68]
[50, 51, 52, 53]
[]
[]
[155, 156, 157, 158]
[]
[109, 295, 296, 297, 298, 299, 300]
[8, 9, 10, 11, 12]
[154, 155, 156, 157]
[117, 118, 119, 120, 121, 122, 123, 202, 203, 204, 205, 206, 207, 208, 209, 347, 348, 349, 350, 358, 359, 360, 361, 362, 363, 684, 685, 686, 687, 688, 690, 691, 692, 693]
[]
[69, 70, 71, 72, 73, 74]
[125, 126, 127, 128]
[266, 267, 268, 269, 270, 271, 272, 273]
[20, 21, 22, 23, 24]
[38, 39, 40, 41, 42, 43]
[23, 24, 25, 26, 27, 28]
[]
[8, 9, 10, 11, 17, 18, 19, 20, 21, 22, 23, 65, 66, 67, 68]
[0, 1, 2, 3]
[83, 84, 85]
[17, 18, 19, 20, 21, 22]
[245, 246, 247, 248]
[14, 15, 16, 17, 18]
[43, 44, 45, 46, 47]
[192, 193, 194, 195, 196]
[88, 89, 90, 91, 92]
[37, 38, 39, 40, 41, 42]
[95, 96, 97, 98, 99, 100]
[118, 119, 120, 121, 122, 123, 126, 127, 128, 129, 130, 133, 134, 135, 136, 137, 138, 140, 141, 142, 143, 144, 145, 146]
[419, 420, 421, 422, 423, 424, 425, 437, 438, 439, 440, 441, 442, 443]
[72, 73, 74, 75, 76, 77, 78]
[91, 92, 93, 94, 95, 96]
[32, 33, 34, 35]
[31, 32, 33, 34]
[83, 84, 85, 86, 87, 88, 89, 90, 105, 106, 107, 108, 109, 110, 111, 112]
[132, 133, 134, 135]
[256, 257, 258, 259, 260, 261, 262, 263, 394, 395, 396, 397, 398, 399]
[154, 155, 156, 157, 158, 159, 160, 210, 211, 212, 213, 214, 215, 216, 217, 218, 219, 221, 222, 223, 224, 225, 227, 228, 229, 230, 231, 232, 233, 234, 235, 236, 237, 238, 240, 241, 242, 243, 244, 245]
[]
[329, 330, 331, 332, 333, 334, 335]
[165, 166, 167, 168, 169, 170]
[260, 261, 262, 263, 264, 265, 266]
[11, 12, 13, 14, 15, 16]
[216, 217, 218, 219, 220]
[12, 13, 14, 15, 40, 41, 42, 43, 72, 73, 74, 75, 76, 77]
[90, 91, 92, 93]
[14, 15, 16, 17]
[148, 149, 150, 151, 152]
[11, 12, 13, 14, 15, 16, 18, 19, 20, 123, 124, 125, 126, 127, 128, 129, 217]
[]
[88, 89, 90, 91, 92, 93, 94, 95]
[80, 81, 82, 83, 84, 85, 86, 87, 88, 146, 147, 148, 149, 150, 151, 152, 153, 154]
[]
[0, 1, 2, 3, 4, 5, 6, 7, 8, 9, 26, 27, 28, 29, 30]
[637, 638, 639, 640, 641, 642, 643]
[0, 1, 2, 3, 4, 5]
[56, 57, 58, 59, 60, 61, 62, 63]
[119, 120, 121, 122, 123, 124]
[11, 12, 13, 14, 32, 33, 34, 35, 36, 63, 64, 65, 66]
[64, 65, 66, 67, 68, 69, 70, 72, 73, 74, 75]
[231, 232, 233, 234, 235]
[164, 165, 166, 167, 168, 169, 170, 171, 172]
[46, 47, 48, 49, 50, 51, 52, 53, 54, 81, 82, 83, 84, 85, 86, 87]
[39, 40, 41, 42, 43, 83, 84, 85, 86, 92, 93, 94, 95, 96, 97]
[13, 14, 15, 16, 17, 18, 19, 20, 21, 35, 36, 37, 38, 44, 45, 46, 47]
[188, 189, 190, 191, 192, 193]
[]
[42, 43, 44, 45, 46, 47, 48]
[83, 84, 85, 118, 119, 120, 121, 242, 243, 244, 245, 246, 353, 354, 355, 356, 357]
[14, 15, 16, 17, 18, 19]
[119, 120, 121, 122, 123, 124]
[109, 110, 111, 112, 115, 116, 117, 118, 119, 120, 137, 138, 139, 140, 141, 142, 143, 144, 145, 146, 403, 404, 405, 406, 409, 410, 411, 412, 413, 414, 431, 432, 433, 434, 435, 436, 437, 438, 439, 440]
[26, 27, 28, 29, 30, 31]
[256, 257, 258, 259, 299, 300, 301, 302]
[]
[47, 48, 49, 50, 51, 52, 57, 58, 59, 60, 273, 274, 275, 276]
[10, 11, 12, 13, 14, 15, 16, 17]
[33, 34, 35, 36]
[169, 170, 171, 172, 173, 546, 547, 548, 549, 550, 551, 552, 553, 554, 555, 556, 557, 559, 560, 561, 562, 563, 564, 565]
[0, 1, 2, 3, 4, 5, 6, 7]
[40, 41, 42, 43, 44, 138, 139, 140, 141, 142, 143, 270, 271, 272, 273, 274]
[76, 77, 78, 79, 80, 81, 144, 145, 146, 147, 148, 149]
[80, 81, 82, 83, 84, 85, 118, 119, 120, 121, 122, 123, 124, 125, 364, 365, 366, 367, 368, 369]
[34, 35, 36, 37, 38]
[4, 5, 6, 7, 8, 9, 10, 12, 13, 14, 15, 16]
[132, 133, 134, 135, 136, 137]
[7, 8, 9, 10, 11, 12]
[28, 29, 30, 31, 32, 33, 77, 78, 79, 80, 81]
[132, 133, 134, 261, 262, 263, 264, 265, 266, 267]
[232, 233, 234, 235, 236, 237, 238, 241, 242, 243, 244]
[0, 1, 2, 3, 65, 66, 67, 68, 69]
[52, 53, 54, 55, 56, 57, 191, 192, 193, 194, 195, 196, 207, 208, 209, 210, 211, 212]
[193, 194, 195, 196]
[19, 20, 21, 22, 23]
[25, 26, 27, 28, 29, 30, 31, 104, 105, 106, 107, 118, 119, 120, 121, 122, 283, 284, 285, 286]
[14, 15, 16, 17, 18, 19, 20, 21, 22, 23, 35, 36, 37, 38, 39, 40, 41, 42]
[64, 65, 66, 67, 68, 69]
[237, 238, 239, 240, 241, 242, 243, 244, 252, 253, 254, 255, 256]
[151, 152, 153, 154, 155, 156, 157, 158, 274, 275, 276, 277, 278, 279, 280]
[113, 114, 115, 116, 117, 118, 119]
[135, 136, 137, 138, 139, 140, 141]
[50, 51, 52, 53, 54, 55, 56, 57, 58, 180, 181, 182, 183, 184, 185, 186, 187]
[157, 158, 159, 244, 245, 246, 247, 248, 249, 250]
[52, 53, 54, 55, 56, 57, 58, 302, 303, 304, 305, 306, 321, 322, 323, 324, 325, 326, 327, 328]
[49, 50, 51, 52, 53, 54, 55, 56]
[36, 37, 38, 39, 40]
[136, 137, 138, 179, 180, 181, 182, 183]
[89, 90, 91, 92, 93, 94, 131, 132, 133, 134, 135, 136, 137, 138]
[7, 8, 9, 10, 11, 12, 13]
[25, 26, 27, 28, 29, 30]
[177, 178, 179, 180, 181, 182, 183, 184, 185, 186]
[37, 38, 39, 40, 41]
[0, 1, 2, 3, 4, 39, 40, 41, 42, 43, 56, 57, 58, 59, 60, 61]
[8, 9, 10, 11, 12, 13, 44, 45, 46, 47, 48, 49]
[0, 1, 2, 3, 42, 43, 44, 45]
[16, 17, 18, 19, 20, 21]
[562, 563, 564, 565, 566, 567, 568, 667, 668, 669, 670, 671]
[7, 8, 9, 10, 11, 12]
[125, 126, 127, 128, 129, 130, 131, 132]
[41, 42, 43, 44, 45, 46, 47]
[]
[77, 78, 79, 80, 81, 82]
[61, 62, 63, 64, 65]
[32, 33, 34, 35, 36, 37, 115, 116, 117, 118, 119, 120, 121, 122, 123, 322, 323, 324, 325, 326, 327, 328, 329, 335, 336, 337, 338, 339, 340, 341, 342]
[4, 5, 6, 7, 8, 9, 10]
[11, 12, 13, 67, 68, 69, 70, 71, 72, 73, 74, 75, 76]
[17, 18, 19, 20, 21, 22]
[1, 2, 3, 4, 130, 131, 132, 133, 134, 135, 141, 142, 143, 144, 145, 170, 171, 172, 173, 174, 175, 181, 182, 183, 184, 185, 219, 220, 221, 222, 223, 224, 230, 231, 232, 233, 234]
[2, 3, 4, 5]
[55, 56, 57, 58, 59, 60, 61, 62, 63, 123, 124, 125, 126, 127, 128, 166, 167, 168, 169, 170]
[148, 149, 150, 151]
[45, 46, 47, 48, 49, 50, 51]
[108, 109, 110, 111, 112]
[79, 80, 81, 82, 83, 84]
[75, 76, 77, 78, 79, 80, 81, 82, 83]
[9, 10, 11, 12, 96, 97, 98, 99, 100, 101]
[16, 17, 18, 19, 20]
[106, 107, 108, 109, 110]
[9, 10, 11, 12, 13, 14, 15]
[]
[4, 5, 6, 7, 8, 9, 78, 79, 80, 81, 82, 83, 87, 88, 89, 90, 91, 92, 95, 96, 97, 98, 99, 100]
[81, 82, 83, 84, 85, 86, 87, 88, 89]
[3, 4, 5, 6]
[222, 223, 224, 225, 226]
[5, 6, 7, 8, 9, 10, 124, 125, 126, 127, 128, 129]
[3, 4, 5, 6, 150, 151, 152, 153, 154, 155, 156, 157, 158, 179, 180, 181, 182, 183, 184, 185, 186]
[69, 70, 71, 72, 73, 74, 75]
[57, 58, 59, 60, 61]
[28, 29, 30, 31, 32, 33, 34, 35, 36, 238, 239, 240, 241, 242, 243, 245, 246, 247, 248, 249, 250, 252, 253, 254, 255, 256, 257]
[229, 230, 231, 232, 233]
[73, 74, 75, 76, 77, 78]
[18, 19, 20, 21]
[15, 16, 17, 18, 19, 21, 22, 23, 24, 25, 26]
[185, 186, 187, 188, 189, 190]
[21, 22, 23, 24, 25, 98, 99, 100, 101, 102, 103, 104, 105, 106, 107]
[458, 459, 460, 461, 462, 463, 464, 467, 468, 469, 470, 471, 472, 486, 487, 488, 489, 490, 491, 533, 534, 535, 536, 537, 538]
[22, 23, 24, 25, 26, 27, 28, 29]
[5, 6, 7, 8, 9]
[8, 9, 10, 11, 12, 13]
[281, 282, 283, 284, 285, 286, 287, 288, 289]
[270, 271, 272, 273, 274]
[422, 423, 424, 425, 426, 427, 428, 429, 910, 911, 912, 913, 931, 932, 933, 934]
[33, 34, 35, 36, 37, 292, 293, 294, 295, 296]
[142, 143, 144, 145, 146]
[]
[4, 5, 6, 7, 8, 9, 10, 11, 12]
[9, 10, 11, 12, 13, 14, 15, 16, 17, 18, 39, 40, 41, 42, 43, 93, 94, 95, 96]
[64, 65, 66, 67, 68, 106, 107, 108, 109, 110, 259, 260, 261, 262, 263, 264, 265, 266, 267, 277, 278, 279, 280, 281, 282, 283, 284, 293, 294, 295, 296, 297, 298, 299, 300, 301]
[108, 109, 110, 111, 112]
[21, 22, 23, 24, 25, 255, 256, 257, 258, 259, 260, 298, 299, 300, 301, 302]
[]
[74, 75, 76, 77, 130, 131, 132, 133, 134]
[180, 181, 182, 183, 272, 273, 274, 275, 276, 277]
[19, 20, 21, 22, 23]
[8, 9, 10, 11]
[4, 5, 6, 7, 8, 9]
[8, 9, 10, 11, 12, 13, 14, 15, 25, 26, 27, 28, 29, 45, 46, 47, 48, 49, 50, 51, 52, 53]
[39, 40, 41, 42, 43, 44]
[7, 8, 9, 10, 11, 13, 14, 15, 16, 17, 18, 19]
[55, 56, 57, 58, 59, 60]
[42, 43, 44, 45, 46, 47, 48, 177, 178, 179, 180, 181, 253, 254, 255, 256, 257, 258, 259, 278, 279, 280, 281, 282, 304, 305, 306, 307, 308, 309]
[44, 45, 46, 47, 48]
[0, 1, 2, 3, 4, 5]
[]
[66, 67, 68, 69, 70, 71]
[5, 6, 7, 8]
[34, 35, 36, 37, 38, 39]
[]
[60, 61, 62, 63, 64, 65, 66, 67]
[164, 165, 166, 167, 168, 169, 170, 241, 242, 243, 244, 245, 250, 251, 252, 253, 254, 255]
[120, 121, 122, 123, 163, 164, 165, 166, 167, 168]
[0, 1, 2, 3, 35, 36, 37, 38, 39]
[15, 16, 17, 18, 19, 20]
[56, 57, 58, 59]
[0, 1, 2, 3, 4, 5, 242, 243, 244, 245, 246]
[27, 28, 29, 30, 31, 32, 33, 34, 35]
[0, 1, 2, 3, 4, 5]
[50, 51, 52, 53, 54, 55, 56, 57, 58]
[52, 53, 54, 55]
[5, 6, 7, 8, 9, 34, 35, 36, 37, 38, 39, 40, 41, 42, 43]
[75, 76, 77, 78, 79, 80, 81, 82, 83, 84, 130, 131, 132, 133, 134, 135, 137, 138, 139, 140, 141, 142, 143]
[41, 42, 43, 44, 45, 46]
[29, 30, 31, 32, 33, 34]
[197, 198, 199, 200, 201, 202, 203, 204, 205, 206, 569, 570, 571, 572, 573, 574]
[22, 23, 24, 25, 26, 27, 28, 29]
[]
[29, 30, 31]
[83, 84, 85, 86, 87, 88]
[258, 259, 260, 261, 262]
[0, 1, 2, 3, 82, 83, 84, 85, 86]
[5, 6, 7, 8, 9]
[7, 8, 9, 10, 11]
[81, 82, 83, 84, 85]
[33, 34, 35, 36, 37, 38, 39]
[35, 36, 37, 38, 39, 40, 41, 43, 44, 45, 46, 47, 48, 51, 52, 53, 54, 55]
[20, 21, 22, 23, 24, 25, 26, 27]
[8, 9, 10, 11, 12, 13, 14, 15, 16, 17]
[10, 11, 12, 13, 14]
[127, 128, 129, 130, 131, 132, 133, 149, 150, 151, 152, 153, 154]
[19, 20, 21, 22, 23, 24]
[0, 1, 2, 3, 4, 5, 478, 479, 480, 481, 482, 483]
[]
[13, 14, 15, 16, 17, 18, 19, 134, 135, 136, 137, 138, 139]
[0, 1, 2, 3, 4, 5, 8, 9, 10, 11, 12, 13, 16, 17, 18, 19, 20, 21]
[46, 47, 48, 49, 50, 51, 52]
[101, 102, 103, 104, 105, 106, 107]
[3, 4, 5, 6, 7, 8, 9]
[0, 1, 2, 3, 4, 5]
[]
[88, 89, 90, 91, 92, 93, 111, 112, 113, 114, 115, 116]
[7, 8, 9, 10, 11, 12, 13, 14, 15, 16, 139, 140, 141, 142, 143, 144]
[421, 422, 423, 424, 425]
[10, 11, 12, 13]
[18, 19, 20, 21, 22, 23, 24, 25, 26]
[96, 97, 98, 99, 100, 101, 102, 103, 104, 128, 129, 130, 131, 132, 133]
[228, 229, 230, 231]
[0, 1, 2, 3, 4, 5, 34, 35, 36, 37, 38, 39]
[41, 42, 43, 44, 45]
[4, 5, 6, 7, 8]
[]
[8, 9, 10, 11, 12]
[66, 67, 68, 69, 70]
[4, 5, 6, 7, 8]
[0, 1, 2, 3, 4]
[]
[41, 42, 43, 44, 45, 46, 73, 74, 75, 76, 77, 78, 79, 80, 81]
[27, 28, 29, 30, 31, 32, 33, 148, 149, 150, 151, 152, 153]
[141, 142, 143, 144, 145]
[]
[247, 248, 249]
[39, 40, 41, 42, 43, 44, 45, 46, 47, 48, 49, 50, 52, 53, 54, 55, 56, 57, 58, 59]
[21, 22, 23, 24, 25, 26]
[75, 76, 77, 78, 79, 80]
[6, 7, 8, 9, 10, 11, 132, 133, 134, 135, 136, 137, 138, 139, 531, 532, 533, 534, 631, 632, 633, 634, 635, 636, 673, 674, 675, 676, 687, 927, 928, 929, 930]
[74, 75, 76, 77]
[589, 590, 591, 592, 593, 594, 595, 882, 883]
[8, 9, 10, 11, 12, 13, 23, 24, 25, 26]
[57, 58, 59, 60, 61, 62]
[61, 62, 63, 79, 80, 81, 82, 84, 182, 183, 184, 185, 186, 187]
[29, 30, 31, 32, 33, 34]
[]
[5, 6, 7, 8, 9, 10, 11]
[13, 14, 15, 16, 17]
[45, 46, 47, 48, 49, 51, 52, 53, 54, 55]
[165, 166, 167, 168, 174, 175, 176, 177, 178]
[0, 1, 2, 3, 5, 6, 7, 8]
[12, 13, 14, 15, 16, 17, 18, 19]
[72, 73, 74, 75]
[31, 32, 33, 34, 35]
[41, 42, 43, 44, 78, 79, 80, 81]
[27, 28, 29, 30, 31, 32, 33, 34]
[127, 128, 129, 130, 131, 132, 133, 134, 135, 172, 173, 174]
[18, 19, 20, 21]
[153, 154, 155, 156, 776, 777, 778, 779]
[5, 6, 7, 8, 9, 10, 337, 338, 339, 340, 341, 350, 351, 352, 353, 354, 355]
[51, 52, 53, 54]
[57, 58, 59, 60, 61, 62, 63, 64]
[969, 970, 971, 972, 973, 974]
[62, 63, 64, 65, 66, 67]
[102, 103, 104, 105, 106, 107, 108]
[73, 74, 75, 76, 77, 78, 79, 190, 191, 192, 193, 230, 231, 232, 233]
[35, 36, 37, 38, 39, 40, 41, 42, 43, 44, 46, 47, 48, 49]
[64, 65, 66, 67, 68, 69]
[16, 17, 18, 19, 20, 21, 22, 28, 29, 30, 31, 32, 33, 34, 35, 36, 37, 434, 435, 436, 437, 438, 439, 465, 466, 467, 468, 469, 470, 471, 813, 814, 815, 816, 817, 818, 819, 820, 821]
[8, 9, 10, 293, 294, 295, 296]
[]
[154, 155, 156, 157]
[87, 88, 89, 90, 91, 92]
[22, 23, 24, 25, 26, 152, 153]
[350, 351, 352, 353, 354, 355, 356, 357, 358]
[151, 152, 153, 154, 155]
[439, 440, 441, 442, 443, 444, 445, 446]
[43, 44, 45, 46, 47, 48, 49, 50, 69, 70, 71, 72, 73, 74, 75, 76, 77, 78]
[27, 28, 29, 30, 31]
[]
[37, 38, 39, 40, 41]
[27, 28, 29, 30, 31, 32, 33]
[237, 238, 239, 240, 241, 242]
[17, 18, 19, 20]
[129, 130, 131, 132]
[]
[18, 19, 20, 21, 22, 23, 24, 25, 26, 27]
[584, 585, 586, 587, 588, 589, 590, 591, 592]
[173, 174, 175, 176, 177, 178, 179, 180, 181, 321, 322, 323, 324, 325, 326, 327, 328, 329]
[8, 9, 10, 11, 12]
[41, 42, 43, 44, 45, 46, 47, 84, 85, 86, 382, 383, 384, 385, 386, 387, 388, 389, 390]
[16, 17, 18, 19, 20, 21, 22, 23]
[5, 6, 7, 8, 9, 10, 80, 81, 82, 83, 84, 85]
[108, 109, 110, 111, 112, 113, 114, 203, 204, 205, 206, 207, 208, 241, 242, 243, 244, 245, 246]
[319, 320, 321, 322, 323, 324, 325, 326, 327, 328]
[]
[]
[31, 32, 33, 34, 35]
[35, 36, 37, 38, 39, 40]
[5, 6, 7, 8, 9, 10, 11, 52, 53, 54, 55, 56, 57, 58, 59, 98, 99, 100, 101, 102, 103, 104, 105, 106]
[34, 35, 36, 37, 38, 39, 40]
[21, 22, 23, 24, 25, 564, 565, 566, 567, 568]
[27, 28, 29, 30]
[70, 71, 72, 73, 74, 75, 76, 77]
[457, 458, 459, 460, 461, 462, 499, 500, 501, 502, 504, 505, 506, 507, 508, 509]
[128, 129, 130, 131, 132]
[121, 122, 123, 124, 125, 126, 127]
[0, 1, 2, 3, 4, 5, 6, 7, 9, 10, 11]
[83, 84, 85, 86, 87, 88, 107, 108, 109, 110, 111, 112, 113, 114]
[37, 38, 39, 40, 41]
[131, 132, 133, 134]
[309, 310, 311, 312, 313, 314, 341, 342, 343, 344, 345, 346]
[29, 30, 31, 32, 33, 34, 36, 37, 38, 39]
[12, 13, 14, 15, 16, 17, 18]
[7, 8, 9, 10]
[41, 42, 43, 44, 45, 46]
[221, 222, 223, 224, 225, 226, 227, 228]
[137, 138, 139, 140, 141, 142, 143, 144, 145, 146, 314, 315, 316, 317, 318, 319, 320, 321, 322]
[13, 14, 15, 16, 17, 18, 19, 20, 21]
[0, 1, 2, 3, 4, 5]
[54, 55, 56, 57, 58, 59, 65, 66, 67, 68, 69]
[38, 39, 40, 41, 42, 43, 92, 93, 94, 95, 96]
[171, 172, 173, 174]
[12, 13, 14, 15, 16]
[36, 37, 38, 39]
[116, 117, 118, 119, 120, 121, 122]
[32, 33, 34, 35, 36, 37, 38, 51, 52, 53]
[43, 44, 45, 46, 47]
[110, 111, 112, 113, 114, 115, 116, 117]
[5, 6, 7, 8, 9, 10, 11]
[40, 41, 42, 43]
[12, 13, 14, 15, 37, 38, 39, 40, 41, 42, 43]
[37, 38, 39, 40]
[179, 180, 181, 182, 183]
[15, 16, 17, 18, 19, 20]
[133, 134, 135]
[13]
[37, 38, 39, 40, 41, 42]
[53, 54, 55, 56, 57, 58]
[435, 436, 437, 438, 439, 440]
[7, 8, 9, 10, 11, 12]
[18, 19, 20, 21]
[76, 77, 78, 79]
[291, 292, 293, 294, 295, 296, 449, 450, 451, 452, 453]
[87, 88, 89, 90, 91, 92]
[4, 5, 6, 7]
[10, 11, 12, 13]
[16, 17, 18, 19, 20, 21]
[17, 18, 19, 20, 21, 22]
[38, 39, 40, 41, 42, 95, 96, 97, 98, 99, 100]
[14, 15, 16, 17, 18, 19, 20, 21, 23, 24, 25, 26, 27, 64, 65, 66, 67, 68, 69]
[96, 97, 98, 99, 100, 101, 102, 103, 173, 174, 175, 176, 177, 178, 179, 180, 273, 274, 275, 276, 277, 278, 279, 280, 281]
[]
[32, 33, 34, 35, 36, 37, 38, 39]
[48, 49, 50, 51, 52, 53, 89, 90, 91, 92, 93, 94, 95, 96, 97]
[138, 139, 140, 141, 142, 143, 144]
[11, 12, 13, 14, 15, 16]
[48, 49, 50, 51, 52, 53, 54]
[140, 141, 142, 143, 144, 145]
[]
[56, 57, 58, 59, 60]
[0, 1, 2, 3, 144, 145, 146, 147, 148, 149, 150, 210, 211, 212, 213, 214, 215, 220, 221, 222, 223, 224, 225, 226, 227]
[0, 1, 2, 3, 4, 5, 6]
[26, 27, 28]
[8, 9, 10, 11, 12, 13, 14, 15, 155, 156, 157, 158, 159, 160, 169, 170, 171, 172, 173, 174, 175, 176, 182, 183, 184, 185, 186, 187]
[16, 17, 18, 19]
[33, 34, 35, 36, 37, 38, 39, 113, 114, 115, 116, 117, 118, 119, 120, 121, 122, 251, 252, 253, 254, 255, 256]
[123, 124, 125, 126, 127, 128]
[118, 119, 120, 121, 122, 123]
[10, 11, 12]
[185, 186, 187, 188, 189, 190]
[50, 51, 52, 53]
[9, 10, 11, 12, 13, 14, 15, 16, 17, 443, 444, 445, 446, 447, 448, 449, 628, 629, 630, 631, 632]
[66, 67, 68, 69, 70, 71]
[24, 25, 26, 27, 28, 29, 30, 31]
[]
[17, 18, 19, 20, 21, 22, 23, 24, 25]
[10, 11, 12, 13, 14, 15, 200, 201, 202, 203, 204, 205, 206, 207]
[580, 581, 582, 583, 584, 901, 902, 903, 904, 905, 906, 907, 908, 909, 910, 912, 913, 914, 915, 916, 917, 988, 989, 990, 991]
[22, 23, 24, 25, 26, 27]
[109, 110, 111, 112, 113]
[8, 9, 10, 11, 12, 13]
[15, 16, 17, 18, 19, 20, 21, 22, 23]
[9, 10, 11, 12, 13, 14, 15, 16, 104, 105, 106, 107, 108]
[2, 3, 4, 5]
[20, 21, 22, 23]
[12, 13, 14, 15, 16, 17, 124, 125, 126, 127, 128, 129, 130, 131, 140, 141, 142, 143, 144, 145]
[449, 450, 451, 452, 453, 844, 845, 846, 847, 848, 849, 850]
[83, 84, 85, 86, 87, 88, 89, 90, 91]
[24, 25, 26, 27, 28, 29, 30, 31, 32]
[0, 1, 2, 3, 374, 375, 376, 377, 378, 379]
[94, 95, 96, 97, 98]
[4, 5, 6]
[15, 16, 17, 18, 19, 20, 21, 22]
[170, 171, 172, 173, 232, 233, 234, 235]
[11, 12, 13, 14, 15]
[29, 30, 31, 32, 33, 40, 41, 42, 43, 66, 67, 68, 69, 88, 89, 90, 91, 92]
[61, 62, 63, 64, 65, 66, 67, 68, 69, 135, 136, 137, 138, 139, 140, 141, 142, 143]
[5, 6, 7, 8, 9, 10, 11, 12]
[11, 12, 13, 14, 15]
[20, 21, 22, 23]
[42, 43, 44]
[99, 100, 101, 102, 103, 104]
[19, 20, 21, 22, 23]
[22, 23, 24, 25, 26, 27, 29, 30, 31, 32, 55, 56, 57, 58, 59, 60]
[0, 1, 2, 3]
[0, 1, 2, 3, 4, 5]
[7, 8, 9, 10, 11]
[52, 53, 54, 55, 56, 57, 65, 66, 67, 68, 69]
[100, 101, 102, 103, 104, 105, 106, 107, 108, 172, 173, 174, 175, 176, 177, 178, 179]
[14, 15, 16, 17, 95, 96, 97, 98, 99, 100, 101, 102, 103, 109, 110, 111, 112, 113, 114, 115, 116, 117]
[11, 12, 13, 14, 15, 23, 24, 25, 26, 27, 28, 29, 49, 50, 51, 52, 90, 91, 92, 93, 94, 130, 131, 132, 133, 134]
[183, 184, 185, 186, 187]
[82, 83, 84, 85, 86, 87, 88, 89, 90]
[103, 104, 105, 106, 107, 108, 109, 110, 111, 112]
[134, 135, 136, 137, 138, 139, 140, 141, 142, 143]
[]
[13, 14, 15, 16, 17]
[59, 60, 61, 62, 63, 64, 65, 66, 82, 83, 84, 85, 86, 87, 88, 89]
[86, 87, 88, 89]
[8, 9, 10, 11, 342, 343, 344, 345, 346, 347, 348, 349]
[11, 12, 13, 14, 15]
[0, 1, 2, 3, 15, 16, 17, 18, 19, 20, 73, 74, 75, 76, 77, 78, 79, 80, 81]
[58, 59, 60, 61, 62]
[31, 32, 33, 34, 35, 36, 37]
[208, 209, 210, 211, 212, 213, 214, 215, 238, 239, 240, 241, 242, 300, 301, 302, 304, 305, 306, 307, 308, 309, 310, 311]
[59, 60, 61, 62, 63, 64, 65]
[132, 133, 134, 135, 136, 137, 310, 311, 312, 313, 314, 315]
[77, 78, 79, 80, 81, 82]
[20, 21, 22, 23, 24, 37, 39, 40, 41, 42, 44, 45, 46, 47, 48, 49, 50, 113, 114, 115, 116]
[8, 9, 10, 11, 12, 14, 15, 16, 17, 18, 19, 146, 147, 148, 149, 150, 151]
[112, 113, 114, 115, 116, 117, 320, 321, 322, 323, 324, 325]
[200, 201, 202, 203, 204]
[34, 35, 36, 39, 40, 41, 42, 43, 44]
[109, 110, 111, 112]
[4, 5, 6, 7, 8]
[]
[8, 9, 10, 11, 12, 13, 14, 15]
[15, 16, 17, 18, 19, 20]
[3, 4, 5, 6, 7, 8, 9, 52, 53, 54, 55, 56, 57]
[20, 21, 22, 23, 24, 25, 26, 27]
[39, 40, 41, 96, 97, 98, 99]
[62, 63, 64, 65, 66, 67]
[46, 47, 48, 49, 50, 51, 52, 53, 54]
[53, 54, 55, 56, 57, 124, 125, 126, 127, 128, 326, 327, 328, 329, 330, 331, 340, 341, 342, 343, 344, 345]
[9, 10, 11, 12, 13, 14, 43, 44, 45, 46, 47, 49, 50, 51, 52, 53, 54, 55]
[]
[0, 1, 2, 3, 4, 5, 6, 7, 8, 9, 48, 49, 50, 51, 52, 53, 54, 55, 56]
[47, 48, 49]
[0, 1, 2, 3, 4, 5, 13, 14, 15, 16, 17, 18]
[331, 332, 333, 334, 335, 336, 337, 338, 339]
[101, 102, 103, 104, 105, 106, 107, 108, 110, 111, 112, 113, 114, 134, 135, 136, 137, 138, 139, 140, 141, 142]
[52, 53, 54, 55, 431, 432, 433, 434, 435]
[10, 11, 12, 13, 14, 15, 16]
[4, 5, 6, 7, 8, 9, 10, 11, 13, 14, 15, 16, 17]
[6, 7, 8, 9, 10, 11]
[]
[115, 116, 117]
[29, 30, 31, 32, 33, 34, 35, 36, 37]
[26, 27, 28, 29]
[]
[32, 33, 34, 35, 36]
[0, 1, 2, 3, 4, 5]
[]
[16, 17, 18, 19, 20]
[15, 16, 17, 18, 19, 20, 29, 30, 31, 32, 33, 34]
[48, 297, 410, 411, 412, 413, 414, 415, 416, 417, 420, 421, 422, 423, 424, 425]
[38, 39, 40, 41, 42]
[93, 94, 95, 96, 320, 321, 322, 323, 335, 336, 337, 338, 339, 340, 341, 361, 362, 363, 364, 383, 384, 385, 386, 387, 446, 447, 448, 449]
[31, 32, 33, 34, 35, 36, 43, 44, 45, 46, 47]
[17, 18, 19, 20, 21, 22, 168, 169, 170, 171, 172, 173]
[71, 72, 73, 74, 75, 76, 133, 134, 135, 136, 137, 138, 214, 215, 216, 217, 218, 219, 244, 245, 246, 247, 248, 249, 294, 295, 296, 297, 298, 299, 433, 434, 435, 436, 437, 438, 473, 474, 475, 476, 477, 478, 479, 480]
[]
[418, 419, 420, 421, 422, 423, 630, 631, 632, 633, 634, 635, 832, 833, 834, 835, 836, 837, 838, 839, 840]
[71, 72, 73, 74, 75]
[25, 26, 27, 28, 29, 30]
[]
[162, 163, 164, 165, 166, 167, 168]
[163, 164, 165, 166, 167, 168]
[40, 41, 42, 43, 44, 45, 55, 56, 57, 58, 59, 60, 61, 62, 63]
[]
[186, 187, 188, 189, 200, 201, 202, 203, 204, 205, 206]
[62, 63, 64, 65, 66, 67, 68, 70, 71, 72, 73, 74, 75]
[12, 13, 14, 15, 16, 17]
[25, 26, 27, 28]
[598, 599, 600, 601, 638, 639, 640, 641, 642, 643, 644, 645, 646, 647, 648, 649]
[209, 210, 211, 212, 215, 216, 217, 218, 219, 220, 226, 227, 228, 229, 230, 231, 232]
[29, 30, 31, 32, 33, 34, 35, 36]
[42, 43, 44, 45, 46, 50, 51, 52, 53, 66, 67, 68, 69]
[163, 164, 165, 166, 167, 168]
[77, 78, 79, 80, 81]
[231, 232, 233, 234, 235, 250, 251, 252]
[9, 10, 11, 12, 13, 14, 15, 16, 17, 18]
[27, 28, 29, 30, 31, 32, 33, 48, 49, 50, 51, 52]
[129, 130, 131, 132, 133, 134, 135, 136, 137, 167, 168, 169, 170, 171]
[249, 250, 251, 252, 253, 254, 386, 387, 388, 389, 390, 391]
[0, 1, 2, 3, 4, 5, 6, 7, 8]
[28, 29, 30, 31, 32, 33, 48, 49, 50, 51, 52, 53]
[31, 32, 33, 34, 35]
[103, 104, 105, 106]
[76, 77, 78, 79, 80, 81]
[16, 17, 18, 19]
[79, 80, 81, 82, 155, 156, 157, 158, 159, 160, 161, 163, 164, 165, 166, 168, 169, 170, 171, 172, 173, 249, 250, 251, 252, 253, 254, 319, 320, 321, 322, 323]
[161, 162, 163, 164, 165]
[]
[23, 24, 25, 26, 27]
[67, 68, 69, 70, 71]
[108, 109, 110, 111, 112, 240, 241, 242, 243, 244]
[40, 41, 42, 43, 44, 45, 46, 47]
[16, 17, 18, 19, 20, 21]
[63, 64, 65, 66, 68, 69, 70, 71, 72]
[89, 90, 91, 92, 93]
[194, 195, 196, 197, 198, 199]
[]
[21, 22, 23, 24, 25, 26, 27, 28, 127, 128, 129, 130, 131, 132, 133, 134]
[24, 25, 26, 27, 28, 29, 30, 482, 483, 484, 485, 486, 487, 760, 761, 762, 763, 764, 765, 766]
[61, 62, 63, 64, 65, 66, 67, 68, 158, 159, 160, 161, 172]
[]
[33, 34, 35, 36, 37, 38]
[55, 56, 57, 58, 59, 60, 61, 62, 63, 64, 65]
[369, 370, 371, 372, 373, 378, 379, 380, 381, 382, 383, 384, 385, 386, 387]
[4, 5, 6, 7, 187, 188, 189, 190, 191, 192, 193, 194, 195, 211, 212, 213, 214, 215, 216, 217, 218, 219, 220]
[181, 182, 183, 184, 185, 186]
[0, 1, 2, 3, 21, 22, 23, 24, 25, 26, 27, 28, 30, 31, 32, 33, 34, 35, 36, 111, 112, 113, 114, 115, 116, 117, 118, 134, 135, 136, 137]
[11, 12, 13, 14, 15, 16, 17, 18, 19]
[36, 37, 38, 39, 40, 41, 42]
[]
[]
[]
[70, 71, 72, 73, 83, 84, 85, 86, 87, 88, 89, 90]
[208, 209, 210, 211]
[26, 27, 28, 29, 30, 31, 32, 33, 34, 50, 51, 52, 53, 54, 55, 56, 57, 164, 165, 166, 167, 168]
[90, 91, 92, 93, 94, 95]
[100, 101, 102, 103, 104, 105]
[20, 21, 22, 23, 67, 68, 69, 70]
[4, 5, 6, 7, 8, 9, 10, 11]
[179, 180, 181, 182, 183, 184, 185, 361, 362, 363, 364, 365, 366, 367, 368, 369]
[189, 190, 191, 192, 193, 194]
[21, 22, 23, 24, 25, 26, 27, 28, 29, 30, 52, 53, 54, 55, 56, 57, 58, 59, 60]
[83, 84, 85, 86, 87, 88, 89]
[52, 53, 54, 55, 56, 57, 58, 231, 232, 233, 234, 235, 236]
[27, 28, 29, 30, 31, 32, 35, 36, 37, 38]
[304, 305, 306, 307, 308, 309, 310]
[140, 141, 142, 143, 144, 145, 146, 147]
[29, 30, 31, 32, 76, 77, 78, 79, 80]
[24, 25, 26, 27, 28]
[32, 33, 34, 35, 36, 37, 38, 116, 117, 118, 119]
[117, 118, 119]
[]
[99, 100, 101, 102, 103, 104, 105, 106, 107, 108, 109]
[7, 8, 9, 10, 11, 12, 13, 73, 74, 75, 76, 77, 78, 79, 168, 169, 170, 171, 172, 173, 174, 206, 207, 208, 209, 210, 211, 212, 213, 231, 232, 233, 234, 235, 236, 237, 658, 659, 660, 661, 662, 663, 664, 724, 725, 726, 727, 729, 730]
[3, 4, 5, 6, 7, 8]
[2, 3, 4, 5]
[16, 17, 18, 19, 20]
[14, 15, 16, 17, 18, 19, 21, 22, 23, 24, 25, 26, 27, 28, 29, 30, 31]
[16, 17, 18, 19, 20]
[64, 65, 66, 67, 68, 69, 70, 71, 72]
[1, 2, 3, 4, 5, 6, 7]
[309, 310, 311, 312, 313, 314]
[19, 20, 21, 22, 23]
[86, 87, 88, 89, 90, 91, 96, 97, 98, 99]
[]
[12, 13, 14, 15]
[61, 62, 63, 64, 65, 66, 67, 68, 70, 71, 72, 73, 74, 75, 76]
[118, 119, 120, 121, 122, 123]
[10, 11, 12, 13, 22, 23, 24, 25, 26, 27, 28, 29, 30, 33, 34, 35, 36, 37, 38, 39, 40]
[141, 142, 143, 144, 145, 673, 674, 675, 676]
[0, 1, 2, 3, 4, 5]
[13, 14, 15, 16, 17, 18]
[0, 1, 2, 3, 4, 5, 6, 7, 8]
[29, 30, 31, 32, 33, 34, 35, 36, 514, 515, 516, 517, 518, 519, 520, 536, 537, 538, 539, 540, 541, 552, 553, 554, 555, 556, 990, 991, 992, 993]
[19, 20, 21, 256, 257, 258, 259, 386, 387, 388, 389, 390, 391, 392, 393, 394, 395]
[42, 43, 44, 45, 46, 47]
[27, 28, 29, 30, 31, 32, 33, 34, 35, 36, 37, 38, 350, 351, 352, 353]
[92, 93, 94, 95, 96, 97, 98, 99, 216, 217, 218, 219]
[2, 3, 4, 5, 6, 7, 22, 23, 24, 25, 26, 27, 98, 99, 100, 101, 102, 103, 104, 105]
[35, 36, 37, 38, 39]
[144, 145, 146, 147, 148, 149, 150, 151]
[262, 263, 264, 265, 266, 267, 347, 348, 349, 350, 719, 720, 721, 722, 723, 724, 725, 726, 727]
[42, 43, 44, 45, 46, 47, 48, 49, 50]
[66, 67, 68, 69, 70, 71, 72]
[87, 88, 89, 90, 91, 92, 173, 174, 175, 176, 177]
[0, 1, 2, 3, 4, 5, 6, 133, 134, 135, 136, 137, 138]
[400, 401, 402, 403, 404, 405]
[71, 72, 73, 74, 155, 156, 157, 158]
[21, 22, 23, 24, 25]
[94, 95, 96, 132]
[92, 93, 94, 95, 96]
[22, 23, 24, 25, 26, 27]
[70, 71, 72, 73]
[31, 32, 33, 34, 35, 36]
[8, 9, 10, 11, 12]
[95, 96, 97, 98, 214, 215, 216, 217, 218, 219, 220, 221, 222, 245, 246, 247, 248, 249, 250, 251, 302, 303, 304, 305, 306, 307, 308, 334, 335, 336, 337, 349, 350, 351, 352]
[52, 53, 54, 55, 56]
[]
[15, 16, 17, 18]
[9, 10, 11]
[14, 15, 16, 17, 18, 19, 20, 108, 109, 110, 111, 112, 113, 114, 115]
[]
[102, 103, 104, 105, 106]
[311, 312, 313, 314, 315, 316]
[246, 247, 248, 249, 250, 251]
[91, 92, 93, 94, 95, 96, 97, 98, 100, 101, 102, 103, 104, 105, 106]
[19, 20, 21, 22, 23]
[0, 1, 2, 3, 4]
[82, 83, 84, 85]
[222, 223, 224, 225, 226, 227]
[2, 3, 4, 5, 25, 26, 27, 28, 29, 30, 31]
[36, 37, 38, 39, 40, 41, 42, 43, 44, 45, 104, 105, 106, 107, 108, 109]
[7, 8, 9, 10, 11, 12, 142, 143, 144, 145, 146]
[0, 1, 2, 3, 58, 59, 60, 61, 62, 376, 377, 378, 379, 380, 381, 382, 383, 384, 429, 430, 431, 432, 433, 660, 661, 662, 663, 664]
[4, 5, 6, 7, 8, 9, 10, 21, 22, 23, 24]
[4, 5, 6, 7, 8, 9, 10, 11, 474, 475, 476, 477, 478]
[12, 13, 14, 15, 16, 17, 18, 19]
[24, 25, 26, 27, 28, 36, 37, 38, 39, 40, 41, 42]
[74, 75, 76, 77, 78, 79, 80, 81, 82, 83, 138, 139, 140, 141, 142, 143]
[180, 181, 182, 183]
[14, 15, 16, 17, 18, 19, 20, 21, 22]
[26, 27, 28, 29, 30, 114, 115, 116, 117, 118]
[96, 97, 98, 99, 100, 101]
[5, 6, 7, 8, 9, 10, 11, 12, 13]
[321, 322, 323, 324, 356, 357, 358, 359, 360, 361]
[104, 105, 106, 107]
[]
[15, 16, 17, 18]
[20, 21, 22, 23, 24, 25]
[139, 140, 141, 142, 143, 144, 181, 182, 183, 184, 185, 186]
[28, 29, 30, 31]
[26, 27, 28, 29, 30, 31]
[5, 6, 7, 8, 9, 10, 11, 166, 167, 168, 169, 170, 171, 231, 232, 233, 234, 235, 236, 237, 337, 338, 339, 340, 341]
[45, 46, 47, 48, 49, 50, 51, 273, 274, 275, 276, 277, 278, 279, 280, 281, 282]
[43, 44, 45, 46, 47, 48, 49, 50, 78, 79, 80, 81, 82, 83, 84, 85, 86]
[0, 1, 2, 3, 4, 110, 111, 112, 113, 114]
[25, 26, 27, 28, 29, 30]
[26, 27, 28, 29, 30, 31]
[102, 103, 104, 105, 106, 107, 108, 109, 110]
[26, 27, 28, 29, 30, 31, 32, 33]
[550, 551, 552, 553]
[]
[21, 22, 23, 24]
[11, 12, 13, 14, 15, 16, 17, 26, 27, 28, 29, 30, 31, 32, 93, 94, 95, 96, 97, 98, 99, 100, 101, 102]
[84, 85, 86, 87, 88, 89, 90, 91, 92, 93, 95, 96, 97]
[]
[0, 1, 2, 3]
[25, 26, 27, 28, 29, 30]
[54, 55, 56, 57, 58]
[7, 8, 9, 10, 86, 87, 88, 89, 90, 91, 92, 93, 130, 131, 132, 238, 239, 240, 241, 242, 243, 244]
[30, 31, 32, 33, 34]
[114, 115, 116, 117, 118, 119]
[]
[]
[87, 88, 89, 90, 91]
[0, 1, 2, 3, 5, 6, 7, 8]
[124, 125, 126, 127]
[14, 15, 16, 17, 18]
[19, 20, 21, 22, 23, 24, 25, 26, 34, 35, 36, 37, 38]
[5, 6, 7, 8, 9]
[69, 70, 71, 72, 73]
[148, 149, 150, 151, 152, 185, 186, 187, 188, 189, 266, 267, 268, 269, 270, 271, 286, 287, 288, 289, 290, 291, 292, 353, 354, 355, 356, 357, 358, 385, 386, 387, 388, 389, 390, 445, 446, 447, 448, 449, 450, 480, 481, 482, 483, 484, 485, 494, 495, 496, 497, 498, 578, 579, 580, 581, 582, 583, 675, 676, 677, 678, 679, 743, 744, 745, 746, 747, 748, 749, 750, 751]
[345, 346, 347, 348, 349, 350, 351, 378, 379, 380, 381, 382, 383, 384, 385, 424, 425, 426, 427, 514, 515, 516, 517, 526, 527, 528, 529]
[9, 10, 11, 12]
[12, 13, 14, 15, 16, 17, 18]
[50, 51, 52, 53, 54]
[108, 109, 110, 111, 112, 113, 114, 115, 116, 117]
[302, 303, 304, 305, 310, 311, 312, 313, 314, 315]
[129, 130, 131, 132]
[185, 186, 187, 188, 189, 190, 201, 202, 203, 204, 205, 206, 242, 243, 244, 245, 246, 247, 248, 249, 250, 251]
[94, 95, 96]
[52, 53, 54, 55, 56, 57, 58, 59]
[102, 103, 104, 105, 106, 107]
[74, 75, 76, 77, 78, 79, 80, 81, 82]
[3, 4, 5, 6, 7, 8, 9, 10, 11]
[]
[134, 135, 136, 137, 138, 139, 141, 142, 143, 144, 145, 146, 147, 148]
[16, 17, 18, 19, 20, 21, 42, 43, 44, 45, 46]
[278, 279, 280, 281, 282, 283, 284]
[49, 50, 51, 52, 55, 56, 57, 58, 65, 66, 67, 68]
[9, 10, 11, 12, 13, 14, 16, 17, 18]
[29, 30, 31]
[11, 12, 13, 14, 57, 58, 59, 60, 61]
[138, 139, 140, 141, 145, 146, 147, 148, 149, 150, 151, 152, 153, 328, 329, 330, 331, 332, 333, 334, 335, 336]
[19, 20, 21, 22, 23, 24, 25, 38, 39, 40, 41]
[9, 10, 11, 12, 13, 14, 15, 16, 18, 19, 20, 21, 22, 23, 24, 25]
[25, 26, 27, 28, 29, 30]
[0, 1, 2, 3]
[198, 199, 200, 201, 202]
[23, 24, 25, 26, 27, 80, 81, 82, 83, 84, 85, 86, 87, 88, 89]
[55, 56, 57, 58, 59, 60, 61]
[0, 1, 2, 3, 4, 5, 13, 14, 15, 16, 17, 18]
[14, 15, 16, 17, 18, 19, 20, 21, 22, 24, 25, 26, 27, 28, 29, 67, 68, 69, 70, 71, 72]
[]
[113, 114, 115, 116, 437, 438, 439, 440, 441, 442, 443, 444]
[261, 262, 263, 264, 265, 266]
[164, 165, 166, 167, 168, 169]
[13, 14, 15, 16]
[468, 469, 470, 471]
[19, 20, 21, 22, 69, 70, 71, 72, 73, 74, 75]
[17, 18, 19, 20, 21, 22, 23]
[56, 57, 58, 59, 60]
[11, 12, 13, 14, 15, 17, 18, 19, 20, 21, 22, 23, 146, 147, 148, 149, 150, 151, 152]
[18, 19, 20, 21, 22, 42, 43, 44, 45]
[138, 139, 140, 141, 142, 143]
[106, 107, 108, 109]
[]
[21, 22, 23, 24]
[30, 31, 32, 33]
[35, 36, 37, 38, 39]
[138, 139, 140]
[11, 12, 13, 14, 15]
[67, 68, 69, 70, 71, 72]
[13, 14, 15, 16, 17]
[764, 765, 766, 767, 768, 769, 772, 773, 774, 775, 776, 777, 778, 781, 782, 783, 784, 785, 786]
[5, 7]
[0, 1, 2, 3]
[169, 170, 171, 172, 173]
[20, 21, 22, 23, 24, 25, 26, 27, 28, 29, 48, 49, 50, 51, 52, 53, 54, 55, 56, 57]
[0, 1, 2, 3, 5, 6, 7, 8]
[147, 148, 149]
[]
[371, 372, 373, 374, 435, 436, 437, 438, 439, 440, 473, 474, 475, 476, 477, 503, 504, 505, 506, 507, 508, 509, 609, 610, 611, 612, 613, 614, 615]
[]
[4, 5, 6, 7, 8, 38, 39, 40, 41, 42]
[10, 11, 12, 13, 14, 15]
[48, 49, 50, 51, 52, 53, 54, 55, 56, 57]
[98, 99, 100, 101, 102, 103]
[135, 136, 137, 138, 139, 140, 141, 142, 143]
[4, 5, 6, 7, 8, 64, 65, 66, 67, 68, 69, 70, 120, 121, 122, 123, 124, 125]
[66, 67, 68, 69, 70]
[0, 1, 2, 3, 4, 5, 6, 7, 8, 9]
[4, 5, 6, 7, 8]
[15, 16, 17, 18, 19, 20, 21, 186, 187, 188, 189, 190, 191, 192]
[]
[53, 54, 55, 56, 57, 58]
[65, 66, 67, 68, 69, 70]
[59, 60, 61, 62]
[314, 315, 316, 317, 318, 319, 320, 321, 324, 325, 326, 327, 328, 329, 331, 332, 333, 334, 335, 336, 337]
[18, 19, 20, 21]
[26, 27, 28, 29, 37, 38]
[74, 75, 76, 77, 78, 79]
[112, 113, 114, 115, 116, 117, 118, 119, 120, 138, 139, 140, 141, 142, 143, 144, 145, 146, 147]
[773, 774, 775, 776, 777, 778, 779, 780, 781, 782, 783, 784]
[171, 172, 173, 174, 175, 176, 184, 185, 186, 187, 188, 189]
[31, 32, 33, 70, 71, 72]
[]
[0, 1, 2, 3, 4, 8, 9, 10, 11, 13, 14, 15, 16, 17]
[44, 45, 46, 47, 48]
[]
[96, 97, 98]
[229, 230, 231, 232, 291, 292, 293, 294, 295, 296, 297, 298, 299, 346, 347, 348, 349, 350, 351]
[61]
[42, 43, 44, 45, 46]
[10, 11, 12, 13, 14, 15]
[]
[6, 7, 8, 9, 22, 23, 24, 25, 26, 27]
[78, 79, 80, 81, 82, 83]
[67, 68, 69, 70, 71, 72, 78, 79, 80, 81, 82, 83, 267, 268, 269, 270, 271, 272, 273, 367, 368, 369, 370, 371]
[0, 1, 2, 3, 4]
[28, 29, 30, 31, 32, 33, 34]
[50, 51, 52, 53, 54, 55]
[32, 33, 34, 35, 36]
[72, 73, 74, 75, 76]
[128, 129, 130, 131, 132, 133, 134, 135, 214, 215, 216, 217, 218, 219, 220, 221, 222, 240, 241, 242, 243, 244, 245, 246, 247, 248]
[232, 233, 234, 235, 236, 237, 238, 239, 240]
[23, 24, 25, 26, 43, 44, 45, 46, 47, 48]
[7, 8, 9, 10, 11, 12, 13, 14]
[13, 14, 15, 16, 17]
[118, 119, 120, 121, 122]
[187, 188, 189, 190, 191, 192, 193, 194, 195, 196, 197]
[145, 146, 147]
[282, 283, 284, 285, 286, 287, 288]
[12, 13, 14, 15, 16]
[15, 16, 17, 18, 19]
[85, 86, 87, 88, 89, 90, 91]
[137, 138, 139, 140, 141, 142, 143, 144]
[22, 23, 24, 25, 26]
[7, 8, 9, 10, 11, 12, 13, 14, 218, 219, 220]
[27, 28, 29, 30, 31, 32]
[0, 1, 2, 3, 4, 5, 7, 8, 9, 10, 11]
[4, 5, 6, 7, 8, 37, 38, 39, 40, 41, 42, 43, 44, 45]
[0, 1, 2, 3, 4, 5, 110, 111, 112, 113]
[72, 73, 74, 75, 76]
[55, 56, 57, 58, 59, 60, 61, 62, 92, 93, 94, 95, 96, 97]
[385, 386, 387, 388, 485, 486, 487, 488, 489, 490, 491, 492]
[0, 1, 2, 3, 4, 5, 6, 7]
[]
[18, 19, 20, 21, 22, 23, 24, 25]
[39, 40, 41, 42, 43, 44]
[3, 4, 5, 6, 150, 151, 152, 153, 154, 155, 156, 157]
[16, 17, 18, 19, 20, 21]
[17, 18, 19, 20, 21, 22, 23, 24, 41, 42, 43, 44, 45, 46, 173, 174, 175, 176, 177, 178, 179, 180, 181, 410, 411, 412, 413, 414, 415, 416, 418, 419, 420, 421, 422, 423, 429, 430, 431, 432, 433, 571, 572, 573, 574, 575, 576]
[32, 33, 34, 35, 36]
[439, 440, 441, 442]
[4, 5, 6, 7, 8, 9, 10, 65, 66, 67, 68, 69, 70, 71]
[120, 121, 122, 123, 124, 125, 244, 245, 246, 247, 248, 249]
