[28, 29, 30, 31]
[20, 21, 22, 23, 24, 25, 26, 27, 28, 30, 31, 32, 33, 34, 178, 179, 180, 181, 182, 183]
[]
[0, 1, 2, 3, 4, 5]
[]
[254, 255, 256, 257, 258, 259, 260, 261, 270, 271, 272, 273, 274, 275]
[4, 5, 6, 7, 8, 9, 29, 30, 31, 32, 33, 34, 35, 36]
[37, 38, 39, 40, 41, 42, 43, 44, 45]
[143, 144, 145, 146, 147, 148]
[50, 51, 52, 53, 54, 141, 142, 143, 144, 145]
[11, 12, 13, 14, 15, 16]
[7, 8, 9, 10, 11, 12]
[44, 45, 46, 47, 48, 49, 50, 51]
[25, 26, 27, 28, 29, 30, 71, 72, 73, 74, 75, 76, 77]
[27, 28, 29, 30, 87, 88, 89, 90, 91, 92]
[61, 62, 63, 64, 65, 66]
[16, 17, 18, 19, 20, 21, 22, 26, 27, 28, 29]
[172, 173, 174]
[0, 1, 2, 3, 4]
[70, 71, 72, 73]
[]
[8, 9, 10, 11, 12, 13]
[8, 9, 10, 11, 12]
[230, 231, 232, 233, 234, 235, 236, 237, 238, 239, 253, 254, 255, 256, 353, 354, 355, 356]
[28, 29, 30, 31, 32, 33, 34, 106, 107, 108, 109, 110, 111, 112, 126, 127, 128, 129, 130]
[]
[26, 27, 28, 29, 30, 31]
[6, 7, 8, 9, 10]
[29, 30, 31, 32, 33, 34, 35, 767, 768, 769, 770, 771, 772, 773, 786, 787, 788, 789, 790]
[374, 375, 376, 377, 378, 379, 387, 388, 389, 390, 391]
[14, 15, 16, 17, 18, 27, 28, 29, 30, 31, 32, 33, 34, 35]
[37, 38, 39, 40, 41, 42]
[]
[262, 263, 264, 265]
[175, 176, 177, 178, 179, 180, 181, 199, 200, 201, 202, 203, 204, 205, 206]
[29, 30, 31, 32, 33, 34]
[29, 30, 31, 32, 33]
[]
[22, 23, 24, 25, 26, 27, 28, 30, 31, 32, 33, 34, 35, 36]
[]
[]
[17, 18, 19, 20, 21, 22]
[5, 6, 7, 8, 9, 10, 11, 74, 75, 76, 77, 78, 79]
[225, 226, 227, 228, 229, 230, 231, 232, 233]
[34, 35, 36, 37, 38]
[]
[]
[609, 610, 611, 612, 613, 614, 615, 616, 617]
[]
[73, 74, 75, 76, 77, 78]
[262, 263, 264, 265, 266, 267, 289, 290, 291, 292, 293]
[]
[27, 28, 29, 30]
[194, 195, 196, 197, 198]
[343, 344, 345, 346, 347, 348, 349, 350, 351]
[111, 112, 113, 114, 115, 116, 117, 118, 119, 120, 121, 293, 294, 295, 296]
[8, 9, 10, 11, 12, 13, 14, 15, 16]
[111, 112, 113, 114, 115, 116, 117, 118, 119, 120, 121, 122, 124, 125, 126, 127, 128, 129, 130, 131, 132]
[0, 1, 2, 3, 4, 198, 199, 200, 201, 202, 203]
[187, 188, 189, 190, 191]
[78, 79, 80, 81, 82, 83, 84, 85, 86, 88, 89, 90, 91]
[]
[67, 68, 69, 70, 71, 72, 73, 88, 89, 90, 91]
[72, 73, 74, 75, 76, 77, 78, 79, 80, 81, 179, 180, 181, 182]
[47, 48, 49, 50, 51, 52, 53, 54, 55]
[541, 542, 543, 544, 545, 546, 547]
[219, 220, 221, 222, 223, 224]
[]
[]
[15, 16, 17, 18, 19, 20, 21, 22]
[73, 74, 75, 76, 77]
[33, 34, 35, 36, 37, 38, 46, 47, 48, 49, 50, 51, 132, 133, 134, 135, 136, 137]
[]
[194, 195, 196, 197, 242, 243, 244, 245, 246, 247, 325, 326, 327, 328, 329, 330, 331]
[537, 538, 539, 540, 541, 542, 543, 544, 545]
[4, 5, 6, 7, 8, 9]
[23, 24, 25, 26, 27]
[8, 9, 10, 11, 51, 52, 53, 54, 55, 56, 57, 58, 59, 60, 91, 92, 93, 94, 95, 96, 97]
[]
[90, 91, 92, 93, 94, 95, 96]
[210, 211, 212, 213, 214, 215, 216, 217, 218, 219, 222, 223, 224, 225, 226, 227, 228, 229, 230, 231]
[4, 5, 6, 7, 8, 9, 10, 11]
[154, 155, 156, 157, 158, 159]
[0, 1, 2, 3, 4, 5, 7, 8, 9, 10, 11]
[0, 1, 2, 3, 4]
[54, 55, 56, 79, 80, 81, 82, 83, 84, 85, 86, 87]
[118, 119, 120, 121, 122]
[33, 34, 35, 36, 37]
[131, 132, 133, 134, 135]
[19, 20, 21, 22, 23, 24, 25, 26, 27]
[186, 187, 188, 189, 190, 191, 192, 193, 194]
[]
[218, 219, 220, 221, 222, 223, 224]
[]
[27, 28, 29, 30, 31]
[597, 598, 599, 600, 601, 602, 603, 604, 605, 606]
[421, 422, 423, 424, 425, 426, 427, 428, 429, 706, 707, 708, 709, 710]
[33, 34, 35, 36, 37]
[12, 13, 14, 15, 16, 17, 94, 95, 96, 97, 98, 99, 100, 101, 102]
[23, 24, 25, 26, 27, 28, 29]
[71, 72, 73, 74, 75, 76, 77, 338, 339, 340, 341, 342, 343, 373, 374, 375, 376]
[]
[70, 71, 72, 73, 74, 75, 76, 139, 140, 141, 142]
[19, 20, 21, 22, 23, 24, 31, 32, 33, 34, 35]
[5, 6, 7, 28, 29, 30, 31, 32, 33]
[11, 12, 13, 14, 64, 65, 66, 67, 68]
[]
[95, 96, 97, 98]
[35, 36, 37, 125, 126, 127]
[8, 9, 10, 11, 12]
[16, 17, 18, 19, 92, 93, 94, 95, 96, 227, 228, 229, 230]
[77, 78, 79, 80, 81]
[228, 229, 230, 231, 232, 233]
[]
[]
[23, 24, 25, 26, 27]
[0, 1, 2, 3, 4, 5, 56, 57, 58, 59]
[262, 263, 264, 265, 266, 267, 268, 269, 270, 271]
[202, 203, 204, 205, 206, 207, 208, 209, 210, 240, 241, 242, 243, 244, 245, 246, 247, 248, 249]
[0, 1, 2, 3, 21, 22, 23, 24, 25, 26, 28, 29, 30, 31, 32]
[76, 77, 78, 79, 372, 373, 374, 375, 388, 389, 390, 391, 392]
[]
[0, 1, 2, 3]
[27, 28, 29, 30, 33, 34, 35, 36]
[10, 11, 12]
[520, 521, 522, 523, 524, 525, 536, 537, 538, 539, 757, 758, 759, 760, 761, 762, 763, 764, 765]
[208, 209, 210, 211, 212, 213]
[35, 36, 37, 38, 39, 40, 41, 42]
[0, 1, 2, 3, 4, 5, 6, 27, 28, 29]
[13, 14, 15, 16, 17, 18, 63, 64, 65, 66]
[]
[134, 135, 136, 137, 138]
[202, 203, 204, 205, 206, 207]
[]
[171, 172, 173, 174, 175, 176]
[193, 194, 195, 196, 197, 198, 219, 220, 221, 222, 223, 231, 232, 233, 234, 235]
[156, 157, 158, 159, 160]
[]
[107, 108, 109, 110, 111, 112, 135, 136, 137, 138, 139, 140]
[232, 233, 234, 235, 236, 547, 548, 549, 550, 551, 552, 553, 967, 968, 969, 970, 971, 972, 973, 974, 975, 976]
[125, 126, 127, 128, 129, 130, 131, 132, 133, 134]
[91, 92, 93, 94, 95, 96, 106, 107, 108, 109, 110, 111, 127, 128, 129, 130, 131, 259, 260, 261, 262, 263, 264]
[24, 25, 26, 27, 28, 29, 30, 31, 32]
[]
[40, 41, 42, 43, 44, 45, 46]
[]
[20, 21, 22, 23, 24]
[0, 1, 2, 3]
[102, 103, 104, 105, 106, 107, 108]
[]
[16, 17, 18, 19, 20, 21, 218, 219, 220, 221, 222, 223]
[40, 41, 42, 43, 44, 102, 103, 104, 105, 106, 107, 108, 109]
[92, 93, 94, 95, 96]
[18, 19, 20, 21, 22, 23, 24, 25, 26, 28, 29, 30, 31, 32, 33]
[178, 179, 180, 181, 182, 183, 184, 185, 198, 199, 200, 201]
[30, 31, 32, 33, 34, 35, 36]
[457, 458, 459, 460]
[]
[76, 77, 78, 79, 80, 81]
[71, 72, 73, 74, 75, 76, 77, 78]
[347, 348, 349, 350, 351, 352]
[75, 76, 77, 78, 79, 80, 81, 82]
[21, 22, 23, 24, 25, 26]
[10, 11, 12, 13, 14, 15, 285, 286, 287, 288, 289, 290, 291, 292, 293, 294]
[123, 124, 125, 126, 127, 128, 129, 130]
[96, 97, 98, 99, 100, 101, 102, 103, 104]
[]
[78, 79, 80, 81, 82, 83]
[]
[0, 1, 2, 3, 4, 5]
[8, 9, 10, 11, 12, 13]
[55, 56, 57, 58, 59, 60]
[241, 242, 243, 244, 245, 246]
[46, 47, 48, 49, 50, 51, 241, 242, 243, 244, 245, 246, 247, 248, 249, 785, 786, 787, 788, 789, 790]
[25, 26, 27, 28, 29, 30]
[11, 12, 13, 14, 15, 16, 17]
[31, 32, 33, 34, 35, 36, 37, 38]
[150, 151, 152, 153, 154, 155]
[12, 13, 14]
[113, 114, 115, 116, 117, 118]
[16, 17, 18, 19, 22, 23, 24, 25, 26, 87, 88, 89, 90, 91, 92, 93, 94, 95, 96]
[]
[0, 1, 2, 3, 4, 5, 22, 23, 24, 25, 26, 27, 28, 29, 428, 429, 430, 431, 432, 433]
[31, 32, 33, 34, 35, 36, 37, 38, 58, 59, 60, 61, 62, 63, 215, 216, 217, 218, 219, 220]
[0, 1, 2, 3, 4, 5, 13, 14, 15, 16, 17, 18]
[53, 54, 55, 56, 57]
[103, 104, 105, 106]
[20, 21, 22, 23]
[0, 1, 2, 3, 5, 6, 7, 8, 9, 10, 11]
[]
[20, 21, 22, 23]
[13, 14, 15, 16]
[474, 475, 476, 477, 478, 479, 480]
[96, 97, 98, 99, 226, 227, 228, 229, 230, 231, 232, 280, 281, 282, 283, 284, 285, 286, 287, 288]
[24, 25, 26, 27, 28, 29, 30, 80, 81, 82, 83]
[100, 101, 102, 103]
[74, 75, 76, 77]
[42, 43, 44, 45]
[165, 166, 167, 168, 169, 170]
[]
[7, 8, 9, 10, 11, 12, 13, 14, 15, 16, 69, 70, 71]
[10, 11, 12, 13, 14, 15]
[185, 186, 187, 188, 189, 190, 191, 192]
[21, 22, 23, 24, 25, 60, 61, 62, 63, 64]
[138, 139, 140, 141, 142, 176, 177, 178, 179, 180, 181, 182, 183, 184, 185, 207, 208, 209, 210, 211]
[8, 9, 10, 11, 12]
[108, 109, 110]
[517, 518, 519, 520, 521, 522, 523, 524, 525, 526, 527, 742, 743, 744, 745, 746, 747]
[128, 129, 130, 131, 132, 133]
[70, 71, 72, 73, 74, 75, 76, 77]
[]
[228, 229, 230, 231, 232, 233, 234, 235, 246, 247, 248, 249, 250, 251]
[0, 1, 2, 3, 4, 5, 81, 82, 83, 84, 85, 86]
[206, 207, 208]
[54, 55, 56, 57, 58, 59]
[28, 29, 30, 31, 32, 426, 427, 428, 429, 430]
[36, 37, 38, 39, 40]
[]
[2, 3, 4, 5, 6, 7, 8, 9, 10, 11, 14, 15, 16, 17, 18, 19, 20]
[48, 49, 50, 51]
[253, 254, 255, 256, 257, 258, 259, 260]
[]
[]
[16, 17, 18, 19, 20]
[585, 586, 587, 588]
[550, 551, 552, 553, 554, 555, 556, 557, 613, 614, 615, 616, 617, 618, 619, 620, 621, 622]
[14, 15, 16, 17, 18, 19]
[9, 10, 11, 12, 13, 14]
[32, 33, 34, 35, 36, 37]
[30, 31, 32, 33, 34, 35, 36, 37, 38, 102, 103, 104, 105, 106, 107, 108, 109]
[235, 236, 237, 238, 239, 240]
[14, 15, 16, 17, 18, 19]
[0, 1, 2, 3, 4, 5, 6, 8, 9, 10, 11]
[161, 162, 163, 164]
[6, 7, 8, 9, 10, 86, 87, 88, 89, 90, 91, 196, 197, 198, 199, 200, 201, 202, 203, 204, 205]
[0, 1, 2, 3, 4, 5, 6, 7, 8]
[43, 44, 45, 46, 47, 48, 49, 50]
[169, 170, 171, 172, 173, 174]
[0, 1, 2, 3, 4]
[133, 134, 135, 136, 137]
[263, 264, 265, 266, 267, 268, 269, 270]
[393, 394, 395, 396, 397, 398, 399]
[624, 625, 626, 627, 628]
[42, 43, 44, 45, 46, 47, 48]
[37, 38, 39, 40, 95, 96, 97, 98, 99, 100]
[215, 216, 217, 218, 219]
[239, 240, 241, 242, 243, 244]
[50, 51, 52, 53, 54, 55]
[34, 35, 36, 37, 38, 39, 117, 118, 119, 120, 121, 122]
[109, 110, 111, 112, 113, 114, 139, 140, 141, 142, 213, 214, 215, 216, 217, 218, 219]
[71, 72, 73, 74, 75, 76]
[192, 193, 194, 195, 196, 197]
[8, 9, 10, 11, 12, 13, 14]
[196, 197, 198, 199, 200, 249, 250, 251, 252, 253, 254]
[202, 203, 204, 205, 206, 207, 303, 304, 305, 306, 307, 308, 431, 432, 433, 434, 435]
[184, 185, 186, 187, 188, 189, 228, 229, 230, 231]
[0, 1, 2, 3]
[91, 93, 94]
[4, 5, 6, 7, 8]
[161, 162, 163, 164, 165, 166, 199, 200, 201, 202, 203]
[]
[]
[11, 12, 13, 14]
[50, 51, 52]
[0, 1, 2, 3, 4, 5, 6]
[30, 31, 32, 33, 34, 35, 125, 126, 127, 128, 129, 130]
[5, 6, 7, 8, 9, 10, 11]
[23, 24, 25, 26, 27, 28, 219, 220, 221, 222, 223, 224, 248, 249, 250, 251, 252, 253, 254, 255]
[173, 174, 175, 176, 177, 178, 179]
[70, 71, 72, 73, 74]
[]
[]
[31, 32, 33, 34, 35, 36]
[91, 92, 93, 94, 95]
[21, 22, 23, 24, 25]
[654, 655, 656, 657, 658, 659, 660, 661, 662, 663, 664, 665, 894, 895, 896, 897]
[23, 24, 25, 26, 27, 28, 29, 30]
[108, 109, 110, 111, 112, 113]
[80, 81, 82, 83, 84, 85, 86, 87, 88, 91, 92, 93, 94, 95, 96, 97, 98, 137, 138, 139, 140, 141, 142]
[82, 83, 84, 85]
[8, 9, 10, 11, 12, 13, 14, 15, 16, 247, 248, 249, 250, 251, 252, 253, 254]
[]
[]
[22, 23, 24, 25]
[46, 47, 48, 49, 50, 51]
[77, 78, 79, 80, 81, 82, 83, 84, 85, 86, 473, 474, 475, 476, 477, 478, 479, 480, 481, 542, 543, 544, 545, 546, 691, 692, 693, 694, 695, 696]
[934, 935, 936, 937, 938, 939]
[33, 34, 35, 36, 37, 38, 39, 40, 41, 54, 55, 56, 57, 58, 59, 60, 61, 62]
[22, 23, 24, 25, 26]
[]
[108, 109, 110, 111, 112, 113]
[72, 73, 74, 75, 76, 77]
[23, 24, 25, 26, 27, 28]
[90, 91, 92]
[17, 18, 19, 20, 21]
[55, 56, 57]
[348, 349, 350, 351, 352]
[70, 71, 72, 73, 74, 75]
[]
[26, 27, 28, 29, 214, 215, 216, 217, 218, 219, 220, 221, 222, 223, 318, 319, 320, 321]
[48, 49, 50, 51, 52, 53, 54, 55, 56]
[35, 36, 37, 38, 39, 40, 562, 563, 564, 565, 566, 567]
[0, 1, 2, 3, 4, 5, 6]
[12, 13, 14, 15, 16, 17, 18]
[323, 324, 325, 326, 327, 328, 329, 330, 331, 384, 385, 386, 387, 388, 389, 807, 808, 809, 810, 811]
[130, 131, 132, 133, 134, 135]
[156, 157, 158]
[0, 1, 2, 3, 4, 5]
[7, 8, 9, 10, 11]
[27, 28, 29, 30, 31]
[100, 101, 102, 103, 104, 105, 161, 162, 163, 164, 165, 166, 167, 168, 169]
[49, 50, 51, 52, 53, 54, 55, 204, 205, 206, 207, 208, 237, 238, 239, 240, 241, 242, 244, 245, 246, 247]
[227, 228, 229, 230, 231, 232, 233, 234, 235]
[19, 20, 21, 22, 23]
[59, 60, 61, 62, 63, 64, 65, 66]
[19, 20, 21, 22, 23, 24, 25, 26, 27]
[41, 42, 43, 44, 45, 46, 47, 48, 49]
[99, 100, 101, 102, 103, 104, 266, 267, 268, 269]
[409, 410, 411, 412, 413, 414, 415, 416]
[39, 40, 41, 42, 43, 44, 45, 46, 47]
[36, 37, 38, 39, 40, 41, 42, 43]
[361, 362, 363, 364, 365, 366, 367, 368, 369, 370]
[]
[79, 80, 81, 82, 83, 84, 85, 86, 87]
[38, 39, 40, 41, 42, 43, 44, 45, 46]
[27, 28, 29, 30, 31]
[86, 87, 88, 89, 90]
[23, 24, 25, 26, 27]
[81, 82, 83, 84, 85, 86]
[37, 38, 39, 40, 41, 42, 43, 44, 109, 110, 111, 112, 113, 114]
[13, 14, 15, 16, 17]
[159, 160, 161, 162, 168, 169, 170, 171, 172, 173, 174, 175, 176]
[0, 1, 2, 3, 4, 5, 77, 78, 79, 80, 81, 161, 162, 163, 164]
[562, 563, 564, 565]
[39, 40, 41, 42, 43, 44, 45, 46, 47, 48, 111, 112, 113, 114, 115, 417, 418, 419, 420, 421, 422, 423, 424, 425]
[]
[254, 255, 256, 257, 258, 259, 267, 268, 269, 270, 271, 272, 280, 281, 282, 283]
[19, 20, 21, 22, 23, 24]
[41, 42, 43, 44, 45, 46, 47, 48, 49, 65, 66, 67, 68]
[]
[48, 49, 50, 51]
[195, 196, 197, 198, 199, 200, 286, 287, 288, 289, 290, 291]
[18, 19, 20, 21]
[34, 35, 36, 37, 38]
[22, 23, 24, 25, 26, 95, 96, 97, 98, 99, 100, 101, 102, 103]
[51, 52, 53, 54]
[38, 39, 40, 41, 42, 106, 107, 108, 109, 110, 111]
[497, 498, 499, 500, 501, 502, 503, 504, 505, 506]
[0, 1, 2, 3, 4, 5]
[22, 23, 24, 25, 26]
[22, 23, 24, 25, 26, 27]
[29, 30, 31, 32, 33, 34, 35, 36, 38, 39, 40, 41]
[80, 81, 82, 83, 84, 85, 86, 87, 88, 122, 123, 124, 125, 126, 127]
[245, 246, 247, 248, 249, 250, 251]
[35, 36, 37]
[89, 90, 91, 92, 93, 94, 96, 97, 98, 99, 100, 101]
[70, 71, 72, 73, 74, 75, 76, 77, 78, 120, 121, 122, 123, 124, 125, 126, 127, 491, 492, 493, 494, 495, 496, 497, 498, 513, 514, 515, 516, 517, 518, 519, 520]
[321, 322, 323, 324, 326, 327, 328, 329, 330]
[40, 41, 42, 43, 44, 48, 49, 50, 51, 52, 545, 546, 547]
[227, 228, 229, 230, 387, 388, 389, 390, 391, 773, 774, 775, 776]
[52, 53, 54, 55, 56, 57, 58, 59, 60, 61, 62, 63, 186, 187, 188, 189, 190, 191, 199, 200, 201, 202, 203, 204, 205, 206]
[232, 233, 234, 235]
[93, 94, 95, 96]
[]
[]
[43, 44, 45, 46, 47, 48, 49, 50]
[390, 391, 392, 393, 394, 441, 442, 443, 444, 488, 489, 490, 491, 492]
[71, 72, 73]
[38, 39, 40, 41]
[154, 155, 156, 157, 158]
[12, 13, 14, 15, 16]
[10, 11, 12, 13, 14, 15, 16, 35, 36, 37, 38, 39, 40, 41]
[11, 12, 13, 14, 15, 16]
[180, 181, 182, 183, 184, 185, 186, 187, 188, 189]
[15, 16, 17, 18, 19, 20, 31, 32, 33, 34, 35]
[94, 95, 96, 97, 98, 99, 105, 106, 107, 108, 109]
[253, 254, 255, 256, 257, 258]
[5, 6, 7, 8, 9, 11, 12, 13, 14, 15, 16, 17, 18, 19]
[42, 43, 44]
[]
[265, 266, 267, 268, 269, 270, 271, 273, 274, 275, 276, 277]
[0, 1, 2, 3, 4, 307, 308, 309, 310, 311, 312, 408, 409, 410, 411, 412, 413, 414, 415, 416, 417, 418, 419]
[]
[255, 256, 257, 258, 259, 260]
[258, 259, 260, 261, 262, 263, 369, 370, 371, 372, 373]
[]
[17, 18, 19, 20, 21, 22]
[19, 20, 21, 22, 23, 24, 122, 123, 124, 125, 126, 127, 128, 129]
[241, 242, 243, 244, 245, 246, 247, 267, 268, 269, 270]
[204, 205, 206, 207, 208, 209]
[5, 6, 7, 8, 9, 10, 61, 62, 63, 64, 65, 66, 67, 68, 69, 70]
[62, 63, 64, 65, 66, 67, 81, 82, 83, 84, 113, 114, 115, 116, 117, 118]
[18, 19, 20, 21, 22, 23, 24, 25]
[107, 108, 109, 110, 254, 255, 256, 257]
[]
[16, 17, 18, 19, 20, 21]
[605, 606, 607, 608, 609, 610, 611, 938, 939, 940, 941, 942, 943, 944, 946, 947, 948, 949, 950, 951, 952]
[21, 22, 23, 24]
[622, 623, 624, 625, 626, 627, 628, 655, 656, 657, 658, 659, 660]
[43, 44, 45, 46, 47]
[196, 197, 198, 199]
[]
[41, 42, 43, 44, 45, 46, 47, 229, 230, 231, 232]
[451, 452, 453, 454, 455, 519, 520, 521, 522, 523, 565, 566, 567, 568, 569, 599, 600, 601, 602, 603]
[148, 149, 150]
[62, 63, 64, 65, 66, 67, 68, 69, 70, 71, 72, 73, 74, 75, 76, 77, 78, 79, 161, 267, 268, 269, 270, 271, 272, 273, 274, 275, 372, 691, 692, 693, 694, 877, 878, 879, 880, 918, 919, 920, 921, 923, 924, 925, 926, 986, 987, 988, 989]
[67, 68, 69, 70, 71, 72]
[13, 14, 15, 16, 17, 18]
[144, 145, 146, 147]
[12, 13, 14, 15, 16, 17, 18, 19]
[12, 13, 14, 15, 16, 17, 18]
[17, 18, 19, 20, 21, 104, 105, 106, 107]
[78, 79, 80, 81, 82, 714, 715, 716, 717, 718, 719, 749, 750, 751, 752, 753, 754, 755, 756, 757]
[0, 1, 2, 3, 4, 5, 6, 7, 40, 41, 42, 43, 44]
[59, 60, 61, 62, 63, 64, 88, 89, 90, 91, 92, 93]
[43, 44, 45, 46, 47, 48]
[9, 10, 11, 12, 13, 14, 15]
[343, 344, 345, 346, 347, 348, 349, 350, 351, 352, 371, 372, 373, 374, 539, 540, 541, 542, 543, 544, 545, 546, 547, 987, 988, 989, 990, 991]
[138, 139, 140, 141, 142, 143, 167, 168, 169, 170, 171]
[]
[50, 51, 52, 53, 54, 55, 56, 178, 179, 180, 181, 182, 183, 184, 185, 186, 187, 351, 352, 353, 354, 355, 356, 358, 359, 360, 361, 362, 363]
[25, 26, 27, 28]
[633, 634, 635, 636]
[593, 594, 595, 596, 597, 598, 599]
[41, 42, 43, 44, 45]
[139, 140, 141, 142]
[21, 22, 23, 24, 25, 26, 27, 28, 29, 30]
[38, 39, 40, 41, 47, 48, 49, 50]
[152, 153, 154, 155, 156, 157]
[314, 315, 316, 317, 318, 319, 320, 321, 322, 323, 336, 337, 338, 339, 340, 341]
[14, 15, 16, 17, 18, 19, 20]
[143, 144, 145, 146, 147, 148]
[244, 245, 246, 247, 248, 249, 250, 251, 252]
[43, 44, 45, 46, 53, 54, 55, 56, 57, 58, 59]
[37, 38, 39, 40, 41, 42, 43, 44, 237, 238, 239, 240, 241, 242]
[0, 1, 2, 3, 4]
[112, 113, 114, 115, 116, 117]
[78, 79, 80, 81, 82, 83]
[110, 111, 112, 113, 114, 217, 218, 219, 220, 221, 222, 223, 224]
[108, 109, 110, 111]
[68, 69, 70]
[11, 12, 13, 14, 15]
[]
[81, 82, 83, 84, 85, 86, 87]
[197, 198, 199, 200]
[]
[79, 80, 81, 82]
[30, 31, 32, 33, 34, 35, 81, 82, 83, 84, 85]
[246, 247, 248, 249, 250, 251, 507, 508, 509, 510, 511, 512, 513, 514, 515, 516, 517]
[]
[63, 64, 65, 66, 67, 68]
[21, 22, 23, 24, 25, 26]
[21, 22, 23, 24, 25]
[8, 9, 10, 11, 12, 70, 71, 72, 73, 74, 75, 76, 77, 92, 93, 94, 95, 184, 185, 186, 187, 188, 189, 190, 191, 192]
[]
[29, 30, 31, 32, 33]
[89, 90, 91, 92, 93, 94, 95]
[]
[36, 37, 38, 39, 40, 41, 42, 43, 44]
[0, 1, 2, 3, 4, 5]
[291, 292, 293, 294]
[31, 32, 33, 34, 35, 36]
[36, 37, 38, 39, 40, 73, 74, 75, 76, 77, 78, 99, 100, 101, 102, 103, 104, 127, 128, 129, 130, 131]
[]
[31, 32, 33, 34, 35, 36, 37, 38, 39]
[4, 5, 6, 7, 8, 9, 140, 141, 142, 143, 144, 145, 256, 257, 258, 259, 260, 261, 599, 600, 601, 602, 603]
[246, 247, 248, 249, 250, 251, 252, 253, 254, 557, 558, 559, 560]
[]
[10, 11, 12, 13, 14, 15]
[]
[216, 217, 218, 219, 220, 221]
[54, 55, 56, 57, 58, 60, 61, 62, 63, 64]
[100, 101, 102, 103, 104, 105]
[17, 18, 19, 20, 21]
[7, 8, 9, 10, 11, 12, 13, 14, 15, 16, 17]
[11, 12, 13, 14, 15]
[54, 55, 56, 57, 58, 59, 60, 61, 62]
[6, 7, 8, 9]
[146, 147, 148, 149, 150, 151, 152, 153, 319, 320, 321, 322, 323]
[206, 207, 208, 209, 210]
[55, 56, 57, 58, 59]
[]
[11, 12, 13, 14]
[0, 1, 2, 3, 4, 5, 7, 8, 9, 10]
[286, 287, 288, 289, 290, 291, 292, 293, 294]
[208, 209, 210, 211, 212, 213]
[169, 170, 171, 172, 173, 174]
[24, 25, 26, 27, 28, 29, 30]
[28, 29, 30, 31, 32, 33]
[204, 205, 206, 207, 208, 209, 210, 211, 212, 213, 699, 700, 701, 702, 703, 704, 705, 706, 707, 708, 709, 710, 711, 712, 713, 714, 715, 716, 717, 718, 719, 720, 721, 722, 723, 724, 725, 726, 727, 728, 729, 730, 731, 732, 733, 734, 735, 736, 737, 738, 739, 740, 741, 742, 743, 744, 745, 746, 747, 748, 749, 750, 751, 752, 753, 754, 755, 756]
[21, 22, 23, 24, 25, 26, 46, 47, 48, 49, 50, 51, 52, 53, 112, 113, 114, 115, 116, 122, 123, 124, 125, 126, 127, 128, 129]
[21, 22, 23, 24, 25]
[]
[5, 6, 7, 8, 13, 14, 15, 16, 34, 35, 36, 37, 38, 39, 40]
[65, 66, 67, 68, 69, 264, 265, 266, 267, 268, 269, 270, 271]
[196, 197, 198, 199, 200, 201, 202, 203, 204]
[22, 23, 24, 25, 26, 27, 28, 537, 538, 539, 540, 541]
[143, 144, 145, 146, 147, 148, 149, 150, 151, 285, 286, 287, 288, 289]
[210, 211, 212, 213]
[75, 76, 77, 78, 79]
[18, 19, 20, 21, 22, 23, 429, 430, 431, 432, 433, 434, 435, 531, 532, 533, 534, 535, 536, 537, 538, 539, 540, 541, 542]
[319, 320, 321, 322, 323, 324]
[]
[43, 44, 45, 46, 47, 57, 58, 59, 60, 61]
[28, 29, 30, 31, 43, 44, 45, 46, 59, 60, 61]
[]
[259, 260, 261, 262, 263, 264, 265, 266, 779, 780, 781, 782, 783, 784, 785, 786, 787]
[47, 48, 49, 50, 51]
[119, 120, 121, 122, 123, 124]
[199, 200, 201, 202, 203]
[16, 17, 18, 19, 20, 21, 22, 23, 24]
[]
[41, 42, 43, 44, 45]
[66, 67, 68, 69]
[]
[0, 1, 2, 3, 4]
[0, 1, 2, 3]
[0, 1, 2, 3, 4, 371, 372, 373, 374]
[5, 6, 7, 8]
[22, 23, 24, 25, 26, 27]
[7, 8, 9, 10, 11, 12, 13, 14, 15, 17, 18, 19, 20, 21, 22, 23, 24, 25, 26]
[133, 134, 135, 136, 137, 138]
[5, 6, 7, 8, 9]
[300, 301, 302, 303, 304]
[10, 11, 12, 13, 14, 15, 16, 17, 18]
[52, 53, 54, 55, 56, 57]
[185, 186, 187, 188, 189, 190, 221, 222, 223, 224, 225, 226]
[5, 6, 7, 8, 9, 10]
[]
[]
[7, 8, 9, 10, 11]
[8, 9, 10, 11, 12, 13, 14, 15, 17, 18, 19, 20, 21]
[]
[51, 52, 53, 54]
[31, 32, 33, 34, 35, 36, 37, 38, 39]
[82, 83, 84, 85, 86, 87, 88, 89, 90, 91]
[34, 35, 36, 37, 38, 39, 83, 84, 85, 86, 87, 88, 89, 90, 91, 92]
[13, 14, 15, 16, 17, 211, 212, 213, 214, 215, 216]
[36, 37, 38, 39, 40, 41, 42, 43, 44]
[28, 29, 30, 31, 32, 33]
[259, 260, 261, 262, 263, 264, 265, 266, 267]
[59, 60, 61, 62, 63, 64, 65]
[8, 9, 10, 11, 12, 13, 14, 15, 59, 60, 61, 62, 63, 64, 65, 66]
[32, 40, 41, 42, 43, 44, 472, 473, 474, 475, 476, 477, 586, 587, 588, 589, 590]
[18, 19, 20, 21, 22, 23, 25, 26, 27, 28, 29, 30, 31]
[41, 42, 43, 44, 45, 46, 47, 48, 49]
[71, 72, 73, 74, 75]
[22, 23, 24, 25, 31, 32, 33, 34, 35, 36, 37, 38, 39]
[55, 56, 57, 58, 59, 60, 61, 70, 71, 72, 73, 74, 75, 76]
[26, 27, 28, 29]
[318, 319, 320, 321, 322]
[]
[15, 16, 17, 18, 19, 20, 21, 22, 106, 107, 108, 109, 110, 111, 112, 113, 198, 199, 200]
[7, 8, 9, 10, 11, 12, 13, 14, 15, 16]
[]
[13, 14, 15, 16, 17, 18]
[61, 62, 63, 64, 65, 66, 67, 68, 85, 86, 87, 88, 89, 90, 91, 92, 93]
[56, 57, 58, 59, 60, 61]
[47, 48, 49, 50, 51]
[69, 70, 71, 72, 73, 94, 95, 96, 97, 98, 192, 193, 194, 195, 196, 197, 198]
[17, 18, 19, 20, 21, 186, 187, 188, 189]
[19, 20, 21, 22, 23, 24, 25, 26, 27]
[18, 19, 20, 21, 22, 23]
[119, 120, 121, 122, 123]
[36, 37, 38, 39, 40]
[145, 146, 147, 148, 149, 150, 203, 204, 205, 206, 207]
[35, 36, 37, 38, 39, 40, 41, 57, 58, 59, 60, 61, 62, 63, 64, 65, 66, 78, 79, 80, 81, 82, 83, 84, 85]
[33, 34, 35, 36, 37, 38, 39, 88, 89, 90, 91, 92, 93]
[87, 88, 89, 90, 91, 92, 93, 94, 95]
[]
[19, 20, 21, 22, 23]
[33, 34, 35, 36, 37]
[14, 15, 16, 17, 18, 19, 20, 99, 100, 101, 102, 103, 104, 105, 106, 114, 115, 116, 117, 118, 119, 120, 121]
[7, 8, 9, 10, 11, 12, 13, 14, 15, 16]
[52, 53, 54, 55, 56]
[92, 93, 94, 95, 96, 97, 180, 181, 182, 183, 184, 185]
[]
[219, 220, 221, 222, 223, 224]
[34, 35, 36, 37, 38, 39, 40]
[8, 9, 10, 11, 12]
[0, 1, 2, 3, 4, 5]
[]
[13, 14, 15, 16, 184, 185, 186, 187, 188, 189]
[173, 174, 175, 176]
[205, 206, 207, 208]
[101, 102, 103, 104, 105, 106]
[23, 24, 25, 26, 28, 29, 30, 31, 32]
[51, 52, 53, 54]
[511, 512, 513, 514, 515, 516, 517, 518, 519, 520, 521, 522, 528, 529, 530, 531, 532, 533, 534, 535, 536]
[151, 152, 153, 154]
[11, 12, 13, 14, 15, 86, 87, 88, 89, 90, 163, 164, 165, 166, 167]
[16, 17, 18, 19, 20]
[154, 155, 156, 157, 158, 159]
[52, 53, 54, 55, 56, 57]
[163, 164, 165, 166, 167]
[16, 17, 18, 19, 20, 21, 22]
[8, 9, 10, 11, 12, 14, 15, 16, 17, 18]
[2, 3, 4, 5, 82, 83, 84, 85, 86]
[9, 10, 11, 12, 13, 14, 135, 136, 137, 138, 318, 319, 320, 321, 322, 323]
[22, 23, 24, 25, 26, 27, 28]
[]
[11, 12, 13, 14, 275, 276, 277, 278, 279, 280, 281, 282, 283]
[137, 138, 139, 140, 141, 142]
[130, 131, 132, 133]
[145, 146, 147, 148, 149, 150, 151, 293, 294, 295, 296, 297, 298, 299, 300, 301, 302, 367, 368, 369, 370, 371, 372]
[272, 273, 274, 275, 276, 277]
[430, 431, 432, 433, 434]
[]
[]
[0, 1, 2, 3, 4, 5, 6, 7, 53, 54, 55, 56, 57, 69, 70, 71, 72, 73, 74, 75, 76, 77, 78]
[21, 22, 23, 24]
[196, 197, 198, 199, 200]
[84, 85, 86, 87, 88]
[170, 171, 172, 173, 174, 247, 248, 249, 250, 251]
[23, 24, 25, 26, 27]
[50, 51, 52, 53, 479, 480, 481, 482]
[31, 32, 33, 34, 35, 36, 37, 38, 39]
[96, 97, 98, 99, 100, 101, 102, 103]
[112, 113, 114, 115, 116, 117, 282, 283, 284, 285, 294, 295, 296, 297, 298, 492, 493, 494, 495, 496, 502, 503, 504, 505, 506, 507]
[]
[]
[]
[420, 421, 422, 423, 424, 425, 426, 427, 428, 429]
[0, 1, 2, 3, 4, 5, 107, 108, 109, 110, 111, 112, 120, 121, 122, 123, 124, 125, 170, 171, 172, 173, 174, 175]
[119, 120, 121, 122, 123, 124]
[111, 112, 113, 114, 115, 244, 245, 246, 247, 248, 249, 250, 251, 252]
[]
[0, 1, 2, 3, 4, 5, 19, 20, 21, 22, 23, 24, 334, 335, 336, 337]
[74, 75, 76, 77, 78, 79, 80, 81]
[149, 150, 151, 152, 153, 154]
[0, 1, 2, 3, 4, 12, 13, 14, 15, 16]
[127, 128, 129, 130, 131, 132]
[]
[104, 105, 106, 107, 109, 110, 111, 112]
[109, 110, 111, 112]
[43, 44, 45, 46, 47, 48, 101, 102, 103]
[108, 109, 110, 111, 112]
[106, 107, 108, 109, 110, 111, 130, 131, 132, 133]
[]
[4, 5, 6, 7, 8, 9, 10, 11, 115, 116, 117, 118, 119, 120, 121, 122, 148, 149, 150, 151, 152, 194, 195, 196, 197, 198, 199, 298, 299, 300, 301, 302, 303, 320, 321, 322, 323, 324, 325]
[12, 13, 14, 15, 47, 48, 49, 50, 51]
[]
[140, 141, 142, 143, 144, 145, 146]
[42, 43, 44, 45, 46, 47]
[19, 20, 21, 22, 23]
[7, 8, 9, 10, 41, 42, 43, 44, 45, 46, 47, 48, 223, 224, 225, 226, 227, 228, 229]
[61, 62, 63, 64, 65, 66]
[2, 3, 4, 5, 135, 136, 137, 138, 139, 189, 190, 191, 192]
[37, 38, 39, 40, 178, 179, 180, 181, 182, 183]
[266, 267, 268, 269, 270, 271, 272, 307, 308, 309, 310, 311, 312, 313]
[7, 8, 9, 10, 11, 12]
[0, 1, 2, 3, 4, 5, 6]
[19, 20, 21, 22, 23, 24, 25, 27, 28, 29, 30, 31]
[16, 17, 18, 19, 20]
[6, 7, 8, 9, 145, 146, 147, 148, 149, 477, 478, 479, 480, 481, 689, 690, 691, 692]
[]
[158, 159, 160, 161, 162, 163, 164, 165, 166, 167, 188, 189, 190, 191, 192, 193, 194, 195, 196]
[130, 131, 132, 133, 134]
[10, 11, 12, 13, 14, 15]
[194, 195, 196, 197, 198]
[79, 80, 81, 82, 83, 84]
[91, 92, 93, 94]
[14, 15, 16, 17, 18, 19, 20, 21, 22, 23]
[33, 34, 35, 36, 37, 38, 39, 40, 41, 42, 71, 72, 73, 74, 75, 76, 77]
[426, 427, 428, 429, 430, 431]
[118, 119, 120, 121, 122, 123, 265, 266, 267, 268]
[28, 29, 30, 31]
[22, 23, 24, 25]
[33, 34, 35, 36, 37]
[19, 20, 21, 22, 23, 24]
[52, 53, 54, 55, 56, 57, 58, 59, 60, 61, 605, 606, 607, 608, 609, 610, 611, 612, 613, 614, 615, 616, 617, 618, 644, 645, 646, 647, 648, 649, 650, 651, 652, 653, 743, 744, 745, 746, 747, 755, 756, 757, 758, 759, 760]
[69, 70, 71, 72, 73]
[17, 18, 19, 20]
[29, 30, 31, 32, 33, 34, 35]
[21, 22, 23, 24]
[0, 2, 3]
[26, 27, 28, 29, 30]
[]
[0, 1, 2, 3, 4, 5]
[109, 110, 111, 112, 113]
[118, 119, 120, 121, 122, 123]
[242, 243, 244, 245, 246, 247, 305, 306, 307, 308, 309, 310]
[49, 50, 51, 52, 53, 54]
[103, 104, 105, 106, 107, 108]
[67, 68, 69, 70, 71, 143, 144, 145, 146, 147]
[5, 6, 7, 8]
[73, 74, 75, 76, 77, 78, 79]
[69, 70, 71, 72]
[41, 42, 43, 44, 45, 46]
[240, 241, 242, 243, 244, 245]
[35, 36, 37, 38, 39, 40, 237, 238, 239, 240, 241, 242]
[49, 50, 51, 52, 53, 54, 56, 57, 58, 59, 60, 61, 62]
[32, 33, 34, 35, 36, 37, 38, 39, 40, 41, 42, 44, 45, 46, 47]
[14, 15, 16, 17, 18, 19]
[56, 57, 58]
[67, 68, 69, 70, 71, 72, 73, 79, 80, 81, 82, 83, 84]
[96, 97, 98, 99, 100, 101]
[]
[24, 25, 26, 27, 28, 29]
[0, 1, 2, 3]
[4, 5, 6, 7, 8, 259, 260, 261, 262, 263, 265, 266, 267, 268, 269]
[239, 240, 241, 242, 243, 244, 245, 246]
[11, 12, 13, 14, 164, 165, 166, 167, 168]
[44, 45, 46, 47, 48, 49, 50, 51, 52]
[0, 1, 2, 3, 4, 5, 6, 7, 21, 22, 23, 24, 25, 42, 43, 44, 45, 46]
[]
[66, 67, 68, 69]
[12, 13, 14]
[11, 12, 13, 14, 16, 17, 18, 19, 20, 21]
[41, 42, 43, 44, 45, 66, 67, 68, 69, 70, 71, 187, 188, 189, 190, 191, 192, 351, 352, 353, 354, 355, 356]
[16, 17, 18, 19, 20, 21, 78, 79, 80, 81, 82]
[]
[]
[67, 68, 69, 70, 71, 72, 74, 75, 76, 77, 78, 79, 80, 81, 82, 83]
[44, 45, 46, 47, 48, 49, 50, 51, 52, 83, 84, 85, 86, 87, 88]
[43, 44, 45, 46, 53, 54, 55, 56, 57]
[67, 68, 69, 70, 71, 72]
[310, 311, 312, 313, 314, 315, 694, 695, 696, 697, 698, 699, 984, 985, 986, 987, 988, 989, 990, 991, 992]
[15, 16, 17, 18, 19, 20]
[]
[133, 134, 135, 136, 137]
[132, 133, 134, 135, 136, 137, 138, 139, 141, 142, 143, 144]
[]
[24, 25, 26, 27, 28, 29, 30, 31]
[12, 13, 14, 15, 16]
[15, 16, 17, 18, 19, 20, 217, 218, 219, 220, 221, 222, 223, 224, 225]
[107, 108, 109, 110]
[12, 13, 14, 15, 16, 17, 18, 21, 22, 23, 24, 25, 26, 27, 28, 29, 30, 31, 342, 343, 344, 345, 346, 347, 348, 349, 350, 375, 376, 377, 378, 379, 380, 381, 382, 383, 384, 385, 386]
[199, 200, 201, 202, 203, 204]
[84, 85, 86, 87, 88, 89]
[33, 34, 35, 36, 37, 38, 39, 40]
[18, 19, 20, 21, 22, 23]
[56, 57, 58, 59, 60, 61, 62, 65, 66, 67, 68, 69, 70, 759, 760, 761, 762, 763, 764, 765, 766, 767]
[273, 274, 275, 276, 277, 278, 279, 280, 281, 282, 283, 342, 343, 344, 345, 347, 348, 349, 350, 351, 352, 353, 354, 355, 356, 357]
[56, 57, 58, 59, 60, 61]
[]
[16, 17, 18, 19, 40, 41, 42, 43, 44, 45, 273, 274, 275, 276, 277, 278]
[9, 10, 11, 12]
[205, 206, 207, 208, 209, 210, 211, 278, 279, 280, 281, 282, 283, 284]
[101, 102, 103, 104, 105]
[36, 37, 38, 39, 40]
[78, 79, 80, 81, 82, 83, 84]
[40, 41, 42, 43, 44, 45]
[68, 69, 70, 71, 72, 73, 74, 75, 77, 78, 79, 80, 81]
[48, 49, 50, 51]
[17, 18, 19, 20, 21, 22]
[195, 196, 197, 198, 199, 200, 201]
[132, 133, 134, 135]
[]
[41, 42, 43, 44, 45, 46]
[92, 93, 94, 95, 96, 597, 598, 599, 600, 601, 879, 880, 881, 882, 883]
[24, 25, 26, 27, 232, 233, 234, 235, 356, 357, 358, 359]
[]
[207, 208, 209, 210]
[362, 363, 364, 365, 366, 367]
[182, 183, 184, 185, 186, 187, 188, 189, 190, 191, 192, 194, 195, 196, 197, 198, 318, 319, 320, 321, 322, 323, 373, 374, 375, 376, 377, 378, 379, 380, 381]
[77, 78, 79, 80, 81, 82]
[89, 90, 91, 92, 93, 135, 136, 137, 138, 139]
[38, 39, 40, 41, 42]
[219, 220, 221, 222, 223, 224, 225, 226]
[13, 14, 15, 16, 111, 112, 113, 114, 115, 116]
[]
[30, 31, 32, 33, 34, 35, 36, 37, 38, 39, 40, 41, 42, 77, 78, 79, 80, 101, 102, 103, 104, 105]
[60, 61, 62, 195, 196, 197, 198, 199]
[22, 23, 24, 25, 26, 27, 28, 29, 37, 38, 39, 40, 41, 64, 65, 66, 67, 68, 69, 70, 71, 72, 99, 100, 101, 102, 103]
[33, 34, 35, 36, 37, 38, 39, 40, 41, 65, 66, 67, 68, 69, 70, 71]
[23, 24, 25, 26, 27, 28, 29, 63, 64, 65, 66, 67]
[14, 15, 16, 17, 18, 19, 20, 21]
[228, 229, 230, 231, 232, 233, 234, 235, 236, 237]
[12, 13, 14, 15, 16, 17, 230, 231, 232, 233, 234, 235, 236]
[7, 8, 9, 10, 11, 12, 13, 54, 55, 56, 57, 58, 59, 60, 68, 69, 70, 71, 78, 79, 80, 81, 185, 186, 187, 188, 455, 456, 457, 573, 574, 575, 576, 577, 578]
[92, 93, 94, 95]
[8, 9, 10, 11, 12, 13, 15, 16, 17, 18]
[28, 29, 30, 31, 32, 33, 34, 35, 36]
[32, 33, 34, 35, 36, 37]
[33, 34, 35, 36, 37, 38]
[8, 9, 10, 11, 12]
[45, 46, 47]
[20, 21, 22, 23, 24, 25]
[31, 32, 33, 34, 35, 41, 42, 43, 44]
[116, 117, 118, 119, 120, 121, 122, 123, 124]
[4, 5, 6, 7, 8, 9, 10, 36, 37, 38, 39, 40, 41, 42]
[]
[]
[]
[100, 101, 102, 103, 104, 105, 170, 171, 172, 173, 174, 175, 176, 177, 178, 617, 618, 619, 620, 621, 622, 623, 624, 680, 681, 682, 683, 684, 685, 892, 893, 894, 895, 896, 897, 898, 899, 900]
[]
[]
[33, 34, 35, 36, 37, 38]
[22, 23, 24, 25, 26, 27, 28, 44, 45, 46, 47, 48, 49]
[174, 175, 176, 177, 178, 179, 180]
[9, 10, 11, 12, 13, 14, 15, 72, 73, 74, 75]
[124, 125, 126, 127, 128, 129]
[359, 360, 361, 362, 363, 364, 365, 366, 367, 373, 374, 375, 376, 377, 378, 379, 380, 381]
[177, 178, 179, 180, 181, 182, 183]
[82, 83, 84, 85, 86, 87, 88, 89, 90, 495, 496, 497, 498, 499, 500]
[85, 86, 87, 88, 89, 90]
[7, 8, 9, 10, 11, 12, 13, 14, 15]
[10, 11, 12, 13, 14]
[54, 55, 56, 57, 58, 59]
[302, 303, 304, 305, 331, 332, 333, 334, 335]
[56, 57, 58, 59, 60, 61, 64, 65, 66, 67]
[8, 9, 10, 11, 12, 13, 14, 15, 17, 18, 19, 20]
[12, 13, 14, 15, 167, 168, 169, 170, 171, 172, 173]
[10, 11, 12, 13, 14]
[44, 45, 46, 47, 48, 49, 50, 51, 52, 401, 402, 403, 751, 752, 753, 754, 755, 756, 757, 758, 759, 963, 964, 965, 966, 967, 968, 969, 970, 972, 973, 974, 975, 976]
[7, 8, 9, 10, 11, 12]
[295, 296, 297, 298, 299, 300, 301, 302, 316, 317, 318, 319, 320]
[228, 229, 230, 231]
[]
[12, 13, 14, 15, 16, 17, 18, 19, 31, 32, 33, 34, 35]
[25, 26, 27, 28, 29]
[36, 37, 38, 39, 40, 41]
[17, 18, 19, 20, 21]
[10, 11, 12, 13, 14, 15]
[10, 11, 12, 13, 14, 165, 166, 167, 168, 169, 170, 208, 209, 210, 211, 212, 213, 214, 216, 217, 218, 219, 220, 221, 222, 223, 224, 244, 245, 246, 247, 248]
[314, 315, 316, 317, 318, 319, 320, 321]
[295, 296, 297, 298, 299, 300, 301, 302]
[]
[276, 277, 278, 279, 280, 281, 282, 283, 284, 285]
[283, 284, 285]
[87, 88, 89, 90, 91]
[]
[67, 68, 69, 70, 71, 72, 73, 74, 75, 76]
[13, 14, 15, 16, 17, 18, 19, 20, 21, 62, 63, 64, 65, 66, 91, 92, 93, 112, 113, 114, 115, 116, 117, 118, 119, 120]
[18, 19, 20, 21, 22, 33, 34, 35, 36, 37, 193, 194, 195, 196, 197, 198]
[47, 48, 49, 50, 51]
[]
[14, 15, 16, 17, 18, 19, 20, 50, 51, 52, 53, 54, 55]
[103, 104, 105, 106, 107, 108]
[46, 47, 48, 49, 50, 51, 61, 62, 63, 64]
[45, 46, 47, 48, 49, 50, 51]
[110, 111, 112, 113, 114, 115, 116, 117]
[172, 173, 174, 175]
[10, 11, 12, 13, 14, 15]
[183, 184, 185, 186, 187, 188]
[]
[]
[]
[113, 114, 115, 116, 117, 118, 244, 245, 246, 247, 248, 249]
[127, 128, 129, 130, 131, 132]
[9, 10, 11, 12, 13]
[396, 397, 398, 399, 400, 401]
[50, 51, 52, 53, 54, 55, 56, 57, 58, 59]
[22, 23, 24, 25, 26, 27, 28, 120, 121, 122, 123, 124, 125, 126, 127, 129, 130, 131, 132, 133, 134, 135]
[]
[24, 25, 26, 27, 28]
[426, 427, 428, 429, 430, 431, 432, 433, 434, 435]
[6, 7, 8, 9]
[282, 283, 284, 285, 286, 287, 288, 289, 290, 985, 986, 987, 988, 989, 990, 991]
[8, 9, 10, 11]
[0, 1, 2, 3, 4]
[16, 17, 18, 19, 20, 21, 22, 23, 25, 26, 27, 28, 29]
[0, 1, 2, 3, 4, 5, 6, 7, 8, 9, 140, 141, 142, 143, 144, 145]
[10, 11, 12, 13]
[]
[89, 90, 91, 92]
[71, 72, 73, 74, 100, 101, 102, 103, 104]
[59, 60, 61, 62, 63, 64, 87, 88, 89, 90, 91, 92, 93, 94, 107, 108, 109, 110, 111, 112]
[36, 37, 38, 39, 107, 108, 109, 110, 111, 112, 875, 876, 877, 878, 879, 880, 886, 887, 888, 889, 890]
[]
[253, 254, 255, 256, 257, 258, 259, 260, 282, 283, 284, 285, 286, 287]
[461, 462, 463, 464, 465, 466, 471, 472, 473, 474, 475, 476, 477, 478, 479]
[43, 44, 45, 46, 47]
[117, 118, 119, 120, 121, 122, 288, 289, 290, 291, 619, 620, 621, 622]
[104, 105, 106, 107, 108, 109, 340, 341, 342, 343, 344, 345, 346, 347, 348]
[219, 220, 221, 222, 223, 224, 225]
[39, 40, 41, 42, 206, 207, 208, 209, 210]
[34, 35, 36, 37, 38, 39, 155, 156, 157, 158, 159]
[387, 388, 389, 390, 391]
[53, 54, 55, 56, 57, 58, 59, 60, 61, 62, 117, 118, 119, 120, 121, 122, 123, 124, 125, 126]
[]
[8, 9, 10, 11, 12]
[50, 51, 52, 53, 208, 209, 210, 211]
[90, 91, 92, 93, 94, 95, 96, 97, 98, 100, 101, 102, 103, 104]
[54, 55, 56, 57, 58]
[]
[3, 4, 5, 6]
[128, 129, 130, 131, 132, 373, 374, 375, 376]
[181, 182, 183, 184, 185, 186, 187, 188, 189, 190]
[32, 33, 34, 35, 36, 37, 38, 39]
[8, 9, 10, 11, 12, 13]
[75, 76, 77, 78, 79]
[14, 15, 16, 17, 18, 19, 149, 150, 151, 152, 153, 154, 155]
[64, 65, 66, 67, 68, 69]
[130, 131, 132, 133, 134]
[67, 68, 69, 70, 71]
[35, 36, 37, 38, 39, 40]
[93, 94, 95, 96, 97]
[]
[44, 45, 46, 47, 48]
[204, 205, 206, 207, 208, 209, 210]
[29, 30, 31, 32, 33, 34, 117, 118, 119, 120, 121, 122]
[41, 42, 43, 44, 45, 46, 47, 48, 49, 50]
[22, 23, 24, 25, 26, 27, 28, 29, 30, 31]
[164, 165, 166, 167]
[437, 438, 439, 440, 441]
[22, 23, 24, 25, 26]
[5, 6, 7, 8, 9, 219, 220, 221, 222, 223, 224, 225, 286, 287, 288, 289, 290, 291, 292, 293, 294, 295, 549, 550, 551, 552, 553, 554, 608, 609, 610, 611, 612]
[37, 38, 39, 40, 41, 42, 43, 338, 339, 340, 341, 342, 343, 344, 345, 346, 347, 384, 385, 386, 387, 388]
[31, 32, 33, 34, 35, 36]
[283, 284, 285, 286, 287]
[0, 1, 2, 3, 4, 5, 6]
[34, 35, 36, 37, 38, 39, 80, 81, 82, 83]
[29, 30, 31, 32, 33, 34]
[199, 200, 201, 202, 203, 204, 205, 206]
[12, 13, 14, 15, 16, 17]
[19, 20, 21, 22, 23]
[16, 17, 18, 19, 20, 21]
[7, 8, 9, 10, 11]
[9, 10, 11, 12, 13]
[41, 42, 43, 44]
[35, 36, 37, 38]
[46, 47, 48, 49]
[10, 11, 12, 13, 14, 15, 16]
[63, 64, 65, 66, 145, 146, 147, 148, 149, 150, 735, 736, 737, 738, 739, 740, 741, 899, 900, 901, 902, 903, 904, 905, 906]
[34, 35, 36]
[]
[]
[87, 88, 89, 90, 91]
[17, 18, 19, 20, 21, 22, 23]
[31, 32, 33, 34, 35]
[51, 52, 53, 54, 55, 56]
[24, 25, 26, 27, 28, 29, 30]
[54, 55, 56, 58, 59, 60, 61, 62]
[317, 318, 319, 320, 321]
[22, 23, 24, 25, 26, 27, 28, 99, 100, 101, 102]
[186, 187, 188, 189, 190, 191]
[9, 10, 11, 12]
[10, 11, 12, 13, 14, 15]
[13, 14, 15, 16, 17, 18]
[15, 16, 17, 18]
[5, 6, 7, 8]
[125, 126, 127, 128, 129, 130]
[0, 1, 2, 3, 4]
[200, 201, 202, 203, 204]
[40, 41, 42, 43, 44, 45, 46, 47, 48, 49]
[164, 165, 166, 167, 168, 169, 170, 171, 172]
[320, 321, 322, 323, 324, 325, 326, 327, 328, 329]
[0, 1, 2, 3, 4, 7, 8, 9, 10, 11]
[67, 68, 69, 70, 71, 72, 73]
[82, 83, 84, 85, 86, 87]
[37, 38, 39, 40]
[15, 16, 17, 18, 19]
[434, 435, 436, 437]
[5, 6, 7, 8, 9, 10, 96, 97, 98, 99, 223, 224, 225, 226, 227, 228, 229, 362, 363, 364, 365, 366, 376, 377, 378, 379, 380, 381, 382, 448, 449, 450, 451, 452, 453, 454, 455, 466, 467, 468, 469, 470]
[]
[248, 249, 250, 251, 252, 253, 254, 255]
[9, 10, 11, 12, 13, 15, 16, 17, 18, 19, 20]
[25, 26, 27, 28, 29, 534, 535, 536, 537, 538, 539, 540]
[22, 23, 24, 25, 51, 52, 53, 54, 55, 56, 57, 58]
[107, 108, 109, 110, 111, 112, 113]
[17, 18, 19, 20, 21, 22, 23, 24, 25, 83, 84, 85, 86, 87, 88, 89, 90, 91, 342, 343, 344, 345, 346, 347]
[4, 5, 6, 7, 132, 133, 134, 135, 136, 137, 276, 277, 278, 279, 281, 282, 283, 284, 285, 286, 287, 288, 289]
[933, 934, 935, 936, 937, 938, 939, 940]
[0, 1, 2, 3, 4, 5, 6]
[17, 18, 19, 20, 21, 22]
[84, 85, 86, 87, 88, 90, 91, 92, 93, 94]
[10, 11, 12, 13, 14, 15]
[63, 64, 65, 66, 67, 68, 69, 70, 71, 170, 171, 172, 173, 174, 175, 176, 177, 179, 180, 181, 182, 183]
[52, 53, 54, 55, 321, 322, 323, 324]
[35, 36, 37, 38, 39, 40, 41]
[60, 61, 62, 63, 64]
[141, 142, 143, 144, 145]
[0, 1, 2, 3, 26, 27, 28, 29, 52, 53, 54, 55, 56]
[69, 70, 71, 72]
[]
[25, 26, 27, 28, 29, 30, 31, 56, 57, 58, 59, 60]
[57, 58, 59, 60, 61, 62, 63]
[128, 129, 130, 131, 132, 133]
[]
[26, 27, 28, 29]
[6, 7, 8, 9, 10, 11, 12]
[0, 1, 2, 3]
[266, 267, 268, 269, 270, 271, 272, 273, 274]
[105, 106, 107, 108, 109, 110, 726, 727, 728, 729]
[18, 19, 20, 21, 22, 23, 24, 25, 26, 27, 129, 130, 131, 132, 133]
[22, 23, 24, 25, 26, 27, 28, 29, 278, 279, 280, 281, 282, 283]
[]
[6, 7, 8, 9, 10]
[17, 18, 19, 20, 21, 22, 23, 24, 25]
[145, 146, 147, 148, 149, 150, 172, 173, 174, 175, 176, 177, 178, 179]
[11, 12, 13, 14, 15, 81, 82, 83, 84, 85]
[50, 51, 52, 53, 54]
[31, 32, 33, 34, 35, 36, 37, 161, 162, 163, 164, 165, 166]
[106, 107, 108, 109, 110, 111, 112, 113, 114]
[10, 11, 12, 13, 14]
[]
[85, 86, 87, 88, 89]
[54, 55, 56, 57]
[7, 8, 9, 10, 11, 12]
[43, 44, 45, 46, 47, 248, 249, 250, 251, 252]
[25, 26, 27, 28, 29, 30, 142, 143, 144, 145]
[]
[45, 46, 47, 48, 49, 50, 66, 67, 68, 69, 70, 71, 72, 73]
[122, 123, 124, 125, 126, 230, 231, 232, 233, 234]
[78, 79, 80, 81, 82, 83, 210, 211, 212, 213, 214, 215, 216, 217]
[15, 16, 17, 18, 19, 20]
[108, 109, 110, 111, 112]
[164, 165, 166, 167, 168]
[124, 125, 126, 127, 135, 136, 137, 138, 139, 140, 141, 142, 143]
[47, 48, 49, 50, 51, 52, 66, 67, 68, 69, 70, 71]
[29, 30, 31, 32, 33, 34, 35, 36]
[200, 201, 202, 203, 204]
[]
[273, 274, 275, 276, 277, 278, 279, 280, 321, 322, 323, 324]
[22, 23, 24, 25, 26, 99, 100, 101, 102, 103]
[13, 14, 15, 16, 17, 18, 19, 20]
[9, 10, 11, 12, 13]
[64, 65, 66, 67, 68, 69]
[97, 98, 99, 100, 101]
[]
[5, 6, 7, 8, 9, 10, 11, 12, 13, 531, 532, 533, 534, 535, 536, 537, 538, 539, 540, 541]
[179, 180, 181, 182]
[36, 37, 38, 39, 40, 41, 591, 592, 593, 594, 595]
[43, 44, 45, 46, 47, 48, 49, 50, 51]
[84, 85, 86]
[22, 23, 24, 25, 26, 27, 28, 29]
[0, 1, 2, 3, 4, 5]
[22, 23, 24, 25, 26, 27, 152, 153, 154, 155, 156, 157, 158, 201, 202, 203, 204, 205, 206]
[398, 399, 400, 401, 402, 403]
[23, 24, 25, 26, 27]
[66, 67, 68, 69, 70, 221, 222, 223, 224, 225, 226, 227]
[]
[20, 21, 22, 23, 24]
[61, 62, 63, 64, 65, 66, 67, 68, 69, 70, 71, 73, 74, 75, 76, 115, 116, 117, 118, 119, 120, 121, 122, 123]
[345, 346, 347, 348, 349, 350]
[42, 43, 44, 45, 46, 47, 48, 49, 52, 53, 54, 55, 56, 57, 58, 59, 216, 217, 218, 219, 220, 221, 222, 223, 238, 239, 240, 241, 242, 243, 244]
[56, 57, 58, 59, 60, 61]
[]
[5, 6, 7, 8, 9, 10, 11, 12]
[0, 1, 2, 3, 4, 5, 6, 7, 8]
[292, 293, 294, 295, 296]
[]
[37, 38, 39, 40, 41]
[14, 15, 16, 17, 18, 19]
[27, 28, 29, 30, 31, 32]
[48, 49, 50, 51, 52, 53, 54, 55, 56]
[7, 8, 9, 10, 11, 12, 13, 14, 15]
[35, 36, 37, 38, 39]
[18, 19, 20, 21, 22]
[85, 86, 87, 88]
[9, 10, 11, 12, 13, 14, 15, 219, 220, 221, 222, 223, 224]
[22, 23, 24, 25, 26, 27, 28, 29, 30]
[0, 1, 2, 3, 4, 5, 6, 7, 8]
[248, 249, 250, 251, 252, 253, 254, 255, 256]
[206, 207, 208, 209, 210, 211]
[12, 13, 14, 15, 16, 17, 18]
[12, 13, 14, 15]
[25, 26, 27, 28, 29, 30, 31, 32, 33]
[216, 217, 218, 219]
[13, 14, 15, 16, 105, 106, 107, 108, 109, 110]
[175, 176, 177, 178, 179, 180, 181, 182]
[13, 14, 15, 16, 17, 18, 19]
[0, 1, 2, 3, 4, 5]
[59, 60, 61, 62, 63, 64, 65]
[440, 441, 442, 443, 444, 445]
[37, 38, 39, 40]
[39, 40, 41, 42, 43]
[0, 1, 2, 3]
[]
[32, 33, 34, 35, 36, 37, 38, 39]
[29, 30, 31, 137, 138, 139, 140, 141, 142, 143, 144]
[20, 21, 22, 23, 24, 25, 122, 123, 124, 125]
[22, 23, 24, 25, 26, 27, 162, 163, 164, 165, 166, 167, 168, 169, 170, 171, 172, 175, 176, 177, 178, 179, 180, 181, 182, 183]
[29, 30, 31, 32]
[23, 24, 25, 26, 27, 33, 34, 35, 36, 37]
[88, 89, 90, 91, 92, 93, 94, 95, 96]
[99, 100, 101, 102, 103, 104]
[]
[22, 23, 24, 25, 26]
[]
[0, 1, 2, 3, 4]
[99, 100, 101, 102, 141, 142, 143, 144]
[41, 42, 43, 44, 45, 46, 47, 536, 537, 538, 539, 540, 541, 542, 543]
[78, 79, 80, 81, 82, 259, 260, 261, 262, 264, 265, 266, 267, 268, 269, 270]
[523, 524, 525, 526, 527, 528, 529, 530]
[14, 15, 16, 17]
[20, 21, 22, 23, 24]
[30, 31, 32, 33, 34]
[35, 36, 37, 38, 39, 40, 41, 42, 111, 112, 113, 114, 115, 116, 117, 118]
[24, 25, 26, 27, 28, 29, 30, 31, 32, 39, 40, 41, 42, 43, 96, 97, 98, 99, 100, 101, 102, 103, 104, 196, 197, 198, 199, 200, 201, 202, 203, 204]
[0, 1, 2, 3, 60, 61, 62, 63, 64, 65, 66]
[25, 26, 27]
[]
[32, 33, 34, 35]
[37, 38, 39, 40, 41, 42, 48, 49, 50, 51, 52, 53, 54, 55]
[16, 17, 18, 19, 20, 21, 22]
[7, 8, 9, 10, 11, 12, 13, 14]
[0, 1, 2, 3, 4, 5, 21, 22, 23, 24, 25]
[52, 53, 54, 55, 56]
[32, 33, 34, 35, 36, 37, 61, 62, 63, 64, 65, 66]
[409, 410, 411, 412, 413, 414]
[81, 82, 83, 84, 85]
[]
[16, 17, 18]
[116, 117, 118, 119, 120, 121, 122, 123, 124]
[42, 43, 44, 45, 46, 47, 48]
[74, 75, 76, 77, 78, 291, 292, 293, 294, 295]
[176, 177, 178, 179, 180]
[48, 49, 50, 51, 52]
[38, 39, 40, 41]
[24, 25, 26, 27, 28]
[129, 130, 131, 132, 133, 134]
[]
[18, 19, 20, 21, 22, 23, 24, 278, 279, 280, 281, 282, 283, 284, 285]
[53, 54, 55, 56, 89, 90, 91, 92, 93, 94]
[161, 162, 163, 164, 165]
[]
[]
[11, 12, 13, 14, 15, 23, 24, 25, 26, 27]
[111, 112, 113, 114, 115, 225, 226, 227, 228, 229, 230, 231, 232, 233, 234]
[348, 349, 350, 351, 352, 353, 354, 355, 356, 357, 358]
[33, 34, 35, 36, 37, 38]
[40, 42, 43]
[175, 176, 177, 178]
[58, 59, 60, 61, 62]
[174, 175, 176, 177, 178, 179, 180]
[28, 29, 30, 31, 32]
[]
[]
[61, 62, 63, 64, 65]
[42, 43, 44, 45, 46, 52, 53, 54, 55, 56]
[105, 106, 107, 108, 109, 110, 111, 214, 215, 216, 217, 218, 219, 220]
[138, 139, 140, 141, 142, 143]
[290, 291, 292, 293]
[93, 94, 95, 96, 97, 98, 99, 100, 101]
[10, 11, 12, 13, 14, 15, 16, 17, 19, 20, 21, 22, 23, 24, 25, 26]
[8, 9, 10, 11, 12]
[66, 67, 68, 69, 70, 71, 72, 73, 74, 102, 103, 104, 105, 106, 107, 108]
[8, 9, 10, 11, 12, 13, 14, 15, 16, 17]
[7, 8, 9, 10, 109, 110, 111, 112, 113, 145, 146, 147, 148, 149]
[19, 20, 21, 22, 23]
[30, 31, 32, 33, 34, 35, 36]
[57, 58, 59, 60, 61, 62]
[0, 1, 2, 3, 4, 5, 6, 7, 66, 67, 68, 69, 70, 71, 72]
[71, 72, 73, 74, 75, 76, 77]
[91, 92, 93, 94]
[116, 117, 118, 119, 120, 121]
[26, 27, 28, 29]
[66, 67, 68]
[53, 54, 55, 56, 57]
[53, 54, 55, 56, 57, 58, 59, 60]
[24, 25, 26, 27, 28, 29]
[37, 38, 39, 40, 41, 42]
[4, 5, 6, 7, 8, 9, 10, 11, 12, 41, 42, 43, 44, 45, 46, 47, 48]
[64, 65, 66, 67, 68, 69, 70, 71]
[212, 213, 214, 215, 216, 217, 218]
[17, 18, 19, 20, 21, 22, 23, 24, 36, 37, 38, 39, 40]
[18, 19, 20, 21, 22]
[54, 55, 56, 57, 58, 59]
[392, 393, 394, 395, 396, 397, 398]
[38, 39, 40, 41]
[]
[35, 36, 37, 38, 39, 40, 41, 42, 43, 44]
[5, 6, 7, 8, 9, 138, 139, 140, 141, 142, 143, 144, 160, 161, 162, 163]
[63, 64, 65, 66, 67, 68, 158, 159, 160, 161, 162, 163]
[91, 92, 93, 94, 95]
[16, 17, 18, 19, 20, 21, 22, 23, 24, 25]
[223, 224, 225, 226, 227, 228, 229, 304, 305, 306, 307, 308, 309, 310]
[22, 23, 24, 25, 26, 27]
[121, 122, 123, 124, 125, 126, 127, 128, 130, 131, 132, 133]
[337, 338, 339, 340, 341, 342]
[10, 11, 12, 13, 14, 15, 16, 17]
[]
[88, 89, 90, 91, 92, 93]
[35, 36, 37, 38, 39]
[0, 1, 2, 3, 32, 33, 34, 35, 36, 37, 38]
[58, 59, 60, 61, 62, 63, 64, 93, 94, 95, 96, 97, 98, 99, 485, 486, 487, 488, 489, 490]
[]
[32, 33, 34, 35, 36, 37, 38, 39, 67, 68, 69, 70, 71, 72]
[40, 41, 42, 43, 44, 119, 120, 121, 122, 123, 124, 125, 126]
[]
[189, 190, 191, 192]
[42, 43, 44, 45, 46, 47, 48, 49, 50, 51, 896, 897, 898, 985, 986, 987, 988, 989, 990, 991]
[23, 24, 25, 26, 27, 28]
[31, 32, 33, 34, 35]
[0, 1, 2, 3, 4, 5, 6, 7, 8, 9]
[]
[280, 281, 282, 283]
[38, 39, 40, 41, 132, 133, 134, 135, 136, 137, 138, 141, 142, 143, 144, 145, 146, 147, 148, 149, 155, 156, 157, 158, 159, 160, 161, 162]
[81, 82, 83, 84, 85, 109, 110, 111, 112, 113, 114, 115, 116]
[55, 56, 57, 58, 59, 60, 61, 77, 78, 79, 80, 81]
[70, 71, 72, 73, 74, 75]
[464, 465, 466, 467, 468, 469]
[192, 193, 194, 195, 196, 197, 198, 199, 200, 201]
[34, 35, 36, 37, 38, 39, 40, 41, 43, 44, 45, 46, 47]
[67, 68, 69, 70, 71, 72]
[]
[77, 78, 79, 80, 81, 82, 83, 191, 192, 193, 194, 195, 196, 197, 343, 344, 345, 346, 347, 348, 349, 350, 389, 390, 391, 392, 553, 554, 555, 556, 557, 558]
[63, 64, 65, 66, 74, 75, 76, 77]
[57, 58, 59, 60]
[6, 7, 8, 9, 10, 11, 12, 13]
[]
[316, 317, 318, 319, 320, 365, 366, 367, 368, 369]
[19, 20, 21, 22, 241, 242, 243, 244, 245, 246, 247, 248, 249, 250]
[29, 30, 31, 32, 33, 107, 108, 109, 110, 111, 112]
[19, 20, 21, 22, 23, 24, 25, 34, 35, 36, 37, 38]
[]
[17, 18, 19, 20, 21, 22]
[182, 183, 184, 185, 186, 187, 188]
[40, 41, 42, 43, 44, 45, 72, 73, 74, 75, 76]
[111, 112, 113, 114, 115, 156, 157, 158, 159, 160, 161, 162, 163, 164]
[567, 568, 569, 570, 571, 572, 573, 574, 657, 658, 659, 660, 661, 898, 899, 900, 901, 902, 903]
[137, 138, 139, 140, 141, 142, 143, 144, 147, 148, 149, 150, 151, 152, 153, 154]
[239, 240, 241, 242, 243, 282, 283, 284, 285, 286]
[78, 79, 80, 81]
[23, 24, 25, 26, 27]
[15, 16, 17, 18, 25, 26, 27, 29, 30, 31, 32, 33, 34]
[9, 10, 11, 12, 13, 14]
[]
[15, 16, 17, 18, 19, 20, 111, 112, 113, 114, 115, 116, 117]
[0, 2, 3, 158, 159, 160, 161, 162, 163, 164, 210, 211]
[14, 15, 16, 17]
[16, 17, 18, 19, 20, 21, 82, 83, 84, 85, 86, 87, 88]
[25, 26, 27, 28, 29]
[]
[]
[291, 292, 293, 294, 295, 296]
[4, 5, 6, 7, 8, 9, 10, 11, 12]
[0, 1, 2, 3, 22, 23, 24, 25, 26, 27, 116, 117, 118, 119, 120, 121]
[218, 219, 220, 221, 222, 224, 225, 226, 227, 228]
[137, 138, 139, 140, 141, 184, 185, 186, 187, 188]
[34, 35, 36, 37, 38, 39, 40, 41, 42]
[31, 32, 33, 34, 35, 36, 45, 46, 47, 48, 49, 50]
[82, 83, 84, 85, 86, 87]
[222, 223, 224, 225, 226, 227, 228, 229, 517, 518, 519, 520, 521, 522, 523, 524, 525, 531, 532, 533, 534, 535, 536, 537, 538, 539]
[16, 17, 18, 19]
[60, 61, 62, 63, 64]
[75, 76, 77, 78, 79, 80, 81, 83, 84, 85, 86, 87, 88, 89, 90, 91, 179, 180, 181, 182, 183, 184, 185, 186]
[8, 9, 10, 11, 12]
[133, 134, 135, 136, 137, 138]
[51, 52, 53, 54, 55, 56, 57, 58, 59, 73, 74, 75, 76]
[52, 53, 54, 55, 56, 57, 58, 59, 60]
[46, 47, 48, 49, 50, 51]
[215, 216, 217, 218, 219, 220]
[]
[29, 30, 31, 32, 33, 34, 77, 78, 79, 80, 81]
[279, 280, 281, 282, 283, 284, 285, 286]
[22, 23, 24, 25, 26, 27, 28, 29, 58, 59, 60, 61]
[327, 328, 329, 330, 331, 332, 333, 793, 794, 795, 796, 797, 798, 799, 800]
[52, 53, 54, 55, 56, 57, 58]
[123, 124, 125, 126]
[27, 28, 29, 30, 31, 32, 33]
[54, 55, 56, 57, 333]
[101, 102, 103, 104, 105, 106, 231, 232, 233, 234, 272, 273, 274, 275, 276, 277, 278, 279]
[]
[39, 40, 41, 42, 43, 44]
[8, 9, 10, 11, 12]
[63, 64, 65, 66, 314, 315, 316, 317, 318, 319, 320]
[59, 60, 61, 62, 63, 64]
[18, 19, 20, 21, 22, 23, 202, 203, 204, 205, 206, 207, 208, 209, 210, 257, 258, 259, 260]
[24, 25, 26, 27, 28]
[21, 22, 23, 24, 25, 26, 27, 28, 29, 35, 36, 37, 38, 39, 40]
[60, 61, 62, 63, 64, 65, 89, 90, 91, 92, 123, 124, 125, 126]
[99, 100, 101, 102, 103, 104, 284, 285, 286, 287]
[8, 9, 10, 11, 12, 13]
[]
[]
[104, 105, 106, 107]
[83, 84, 85, 86, 87, 88]
[33, 34, 35, 36, 37, 38]
[13, 14, 15, 16, 17, 18, 19]
[507, 508, 509, 510, 511, 512, 513, 514, 515]
[0, 1, 2, 3, 4, 5]
[122, 123, 124, 125, 126, 127, 128, 129, 130]
[129, 130, 131, 132, 133, 134]
[125, 126, 127, 128, 129, 130]
[157, 158, 159, 160, 161, 162, 163, 164, 165]
[124, 125, 126, 127, 128, 129]
[27, 28, 29, 30, 31]
[11, 12, 13, 14, 35, 36, 37, 38, 39, 40, 41, 42, 43]
[8, 9, 10, 11, 12, 119, 120, 121, 122, 123, 124, 125, 126, 127]
[45, 46, 47, 48, 49, 50]
[7, 8, 9, 10, 11, 12, 13, 14, 15, 332, 333, 334, 335, 336]
[]
[90, 91, 92, 93, 94, 95, 96, 97, 98]
[7, 8, 9, 10, 11, 12, 13]
[20, 21, 22, 23, 24, 25, 222, 223, 224, 225, 226, 227, 228, 229, 238, 239, 240, 241]
[12, 13, 14, 15, 16, 17, 51, 52, 53, 54, 55, 56, 57]
[42, 43, 44, 45, 46, 47]
[51, 52, 53, 54, 55, 56]
[107, 108, 109, 110, 111, 162, 163, 164, 165, 166]
[0, 1, 2, 3, 4, 5, 6, 257, 258, 259, 260, 261, 262]
[113, 114, 115, 116]
[70, 71, 72, 73, 74]
[64, 65, 66, 67]
[10, 11, 12, 13, 14, 15, 18, 19, 20, 21, 22, 23, 24, 25, 28, 29, 30, 31, 32, 33, 34, 35, 41, 42, 43, 44, 45, 46, 47, 49, 50, 51]
[0, 1, 2, 3, 4, 5, 6, 7]
[635, 636, 637, 638, 639, 640, 641, 642, 643, 649, 650, 651, 652, 653, 654, 655, 777, 778, 779, 780, 781, 782, 783, 789, 790, 791, 792, 793, 794, 795, 796, 797]
[61, 62, 63, 64, 65]
[6, 7, 8, 9, 10, 11]
[]
[10, 11, 12, 130, 131, 132]
[14, 15, 16, 17, 18, 19, 20, 21]
[7, 8, 9, 10, 11, 12]
[1, 2, 3, 4, 64, 65, 66, 67]
[10, 11, 12, 13, 14, 15, 17, 18, 19, 20, 21, 22, 23, 24]
[24, 25, 26, 27, 28, 109, 110, 111, 112, 113]
[9, 10, 11, 12, 13]
[173, 174, 175, 176, 177]
[]
[41, 42, 43, 44, 45, 46]
[14, 15, 16, 17, 18, 19, 20, 21]
[19, 20, 21, 22, 23]
[]
[92, 93, 94, 95, 121, 122, 123, 124, 125, 126]
[10, 11, 12, 13, 14]
[323, 324, 325, 326, 327, 328, 329, 330, 331, 332, 333, 334]
[42, 43, 44, 45, 46, 47]
[130, 131, 132, 133, 134, 135, 587, 588, 589, 590, 591, 863, 864, 865, 866, 867]
[232, 233, 234, 235, 236, 237]
[118, 119, 120, 121, 122, 123]
[]
[92, 93, 94, 95, 96, 97, 98, 99, 100]
[8, 9, 10, 11, 12]
[38, 39, 40, 41, 42, 43, 44, 83, 84, 85, 86, 87, 88, 89, 90, 91]
[287, 288, 289, 290, 291, 292, 293, 294]
[22, 23, 24, 25, 26, 27, 28]
[48, 49, 50, 51, 52, 186, 187, 188, 189, 190, 211, 212, 213, 214, 215, 216]
[50, 51, 52, 53]
[242, 243, 244, 245, 246, 247, 248, 249, 250, 251, 252, 408, 409, 410, 411, 412, 413, 414, 415, 416, 417, 418, 469, 470, 471, 472, 473]
[147, 148, 149, 150, 151, 153, 154, 155, 156, 157, 158, 160, 161, 162, 163, 164]
[]
[28, 29, 30, 31, 32, 53, 54, 55, 56, 57, 58]
[213, 214, 215, 216, 217, 218]
[67, 68, 69, 70, 71, 72, 73, 74, 75]
[229, 230, 231, 232, 233, 234, 235, 236, 237, 238, 239, 240, 241, 242]
[0, 1, 2, 3, 4, 51, 52, 53, 54, 55, 74, 75, 76, 77, 78, 79]
[25, 26, 27, 28, 29, 30, 31, 32, 33, 107, 108, 109, 110, 111, 112, 122, 123, 124, 125, 126, 127, 500, 501, 502, 503, 504, 552, 553, 554, 555]
[78, 79, 80, 81, 140, 141, 142, 143, 144]
[0, 1, 2, 3, 9, 10, 11, 12, 13, 14]
[43, 44, 45, 46]
[9, 10, 11, 12, 13, 51, 52, 53, 54, 55]
[8, 9, 10, 11, 12, 13, 104, 105, 106, 107, 108, 109, 110, 111]
[202, 206, 207, 208, 209, 210, 211, 230, 231, 232, 233, 234, 235]
[49, 50, 51, 52, 53]
[151, 152, 153, 154, 155, 156]
[231, 232, 233, 234]
[148, 149, 150, 151, 152, 153, 154, 155, 156, 157, 234, 235, 236, 237, 238, 239, 240, 241, 242, 363, 364, 365, 366, 367]
[60, 61, 62, 63, 64]
[28, 29, 30, 31, 32, 33]
[56, 57, 58, 59, 60, 61]
[16, 17, 18, 19, 20]
[30, 31, 32, 33, 34, 35]
[341, 342, 343, 344, 345, 346, 347, 348]
[12, 13, 14, 15, 16]
[]
[24, 25, 26, 27, 28, 149, 150, 151, 152, 153]
[24, 25, 26, 27, 28, 29]
[42, 43, 44, 45, 46, 47]
[249, 250, 251, 252, 253, 254, 255, 258, 259, 260, 261, 262, 263]
[51, 52, 53, 54]
[94, 95, 96, 97, 98, 99, 100, 101]
[]
[345, 346, 347, 348, 349, 350, 351, 352]
[48, 49, 50, 51, 52, 53, 54, 55, 77, 78, 79, 80, 81, 82]
[273, 274, 275, 276, 277]
[15, 16, 17, 18, 19]
[]
[11, 12, 13, 14, 15]
[36, 37, 38, 39, 40, 41, 42, 43, 44, 331, 332, 333, 334, 335, 336, 337]
[98, 99, 100]
[9, 10, 11, 12, 13]
[]
[92, 93, 94, 95, 96, 97, 98, 99, 100, 101]
[44, 45, 46, 47, 48, 49, 50]
[9, 10, 11, 12, 13]
[8, 9, 10, 11, 12, 13, 14, 15, 120, 121, 122, 123, 124, 125, 126, 127, 128]
[31, 32, 33, 34, 35, 36]
[24, 25, 26, 27, 28, 29, 39, 40, 41, 42, 43, 44]
[177, 178, 179, 180, 181, 182]
[]
[113, 114, 115, 116, 117]
[0, 1, 2, 3, 4, 5]
[159, 160, 161, 162]
[0, 1, 2, 3, 4, 5, 6]
[]
[37, 38, 39, 40, 41, 42, 370, 371, 372, 373, 374, 375]
[579, 580, 581, 582, 583]
[45, 46, 47, 48, 547, 548, 549, 550, 551, 552]
[38, 39, 40, 41, 43, 44, 45]
[20, 21, 22, 23]
[15, 16, 17, 18, 19, 20, 21]
[]
[25, 26, 27, 28, 29, 30, 31]
[45, 46, 47, 48, 49, 50, 57, 58, 59, 60, 63, 64, 65, 66, 67, 68, 81, 82, 83, 84, 87, 88, 89, 90, 93, 94, 95, 96]
[74, 75, 76, 77, 78, 79, 80, 81]
[15, 16, 17, 18, 19, 162, 163, 164, 165, 171, 172, 173, 174, 175, 176, 177, 178, 179]
[144, 145, 146, 147, 148, 149, 172, 173, 174, 175, 176, 177]
[7, 8, 9, 10, 11, 12, 13]
[199, 200, 201, 202, 203, 204, 205, 206, 207, 208]
[99, 100, 101, 102, 103, 104, 105, 106, 144, 145, 146, 147, 148]
[392, 393, 394, 395, 396, 397, 494, 495, 496, 497]
[94, 95, 96, 97]
[]
[28, 29, 30, 31]
[43, 44, 45, 46, 47, 48, 49, 50, 51]
[342, 343, 344, 345, 346, 347, 348, 349, 350, 544, 545, 546, 547, 548]
[21, 22, 23, 24, 25, 26, 27, 28, 29, 31, 32, 33, 34, 35]
[39, 40, 41, 42, 43, 44, 127, 128, 129, 130, 131, 132, 133, 134, 135, 136, 372, 373, 374, 375, 376]
[5, 6, 7, 8, 9]
[39, 40, 41, 42]
[39, 40, 41, 42, 43, 44]
[]
[22, 23, 24, 25, 26, 27, 28, 29]
[187, 188, 189, 190, 191, 192, 193, 195, 197, 198, 199, 200, 201]
[22, 23, 24, 25, 26, 27, 28, 29, 30, 31, 32, 33]
[27, 28, 29, 30, 32, 33, 34, 35, 36, 83, 84, 85, 86, 87]
[62, 63, 64, 65, 66, 192, 193, 194, 195, 196, 197, 198, 199, 200, 201]
[56, 57, 58, 59, 60]
[15, 16, 17, 18, 19, 20]
[37, 38, 39, 40, 57, 58, 59, 60]
[115, 116, 117, 118, 119, 120, 121, 122, 128, 129, 130, 131, 132, 133, 134, 135]
[111, 112, 113, 114, 115, 116, 117, 118]
[134, 135, 136, 137, 138]
[15, 16, 17, 18, 19, 20, 21, 23, 24, 25, 26, 27, 28, 354, 355, 356, 357, 358, 359, 360, 361, 380, 381, 382, 383]
[]
[]
[37, 38, 39, 40, 41, 42, 256, 257, 258, 259, 260, 261, 263, 264, 265, 266, 267, 405, 406, 407, 408, 409]
[298, 299, 300, 301, 302, 303, 304, 305, 306, 307]
[]
[24, 25, 26, 27, 28, 29]
[0, 1, 2, 3, 4, 5, 6, 7, 8, 9, 353, 354, 355, 356, 357]
[0, 1, 2, 3, 21, 22, 23, 24]
[0, 1, 2, 3, 4]
[23, 24, 25, 26, 27]
[62, 63, 64, 65, 66, 67]
[20, 21, 22, 23, 24, 25, 26, 27]
[322, 323, 324, 325, 592, 593, 594, 595, 596, 597, 598]
[707, 708, 709, 710, 711, 712, 713, 714, 715, 716]
[5, 6, 7, 8, 9, 14, 15, 16, 17]
[189, 190, 191, 192, 193, 194]
[14, 15, 16, 17, 18, 19, 20, 21, 31, 32, 33, 34, 35, 36]
[29, 30, 31, 32, 33, 34, 35, 36, 37, 38, 39, 40, 430, 431, 432, 433, 434, 435, 436, 437, 438, 439]
[]
[118, 119, 120, 121, 122, 123]
[58, 59, 60, 61, 62, 63, 64, 65, 66]
[8, 9, 10, 11, 12, 13, 14]
[0, 1, 2, 3, 4, 5, 6, 9, 10, 11, 12, 13, 14, 15, 16]
[253, 254, 255, 256, 257]
[21, 22, 23, 24]
[339, 340, 341, 342, 343, 344, 345, 346]
[0, 1, 2, 3]
[218, 219, 220, 221, 222, 223, 224, 225, 226]
[73, 74, 75, 76, 79, 80, 81, 82, 83]
[]
[216, 217, 218, 219, 220, 221, 222, 223, 224, 313, 314, 315, 316, 317]
[18, 19, 20, 21, 22, 23, 24, 25, 36, 37, 38, 39, 40, 41, 42, 43, 45, 46, 47, 48, 49, 50, 51]
[7, 8, 9, 10, 11, 12, 13]
[52, 53, 54, 55, 56, 57]
[]
[5, 6, 7, 8, 9, 10, 48, 49, 50]
[159, 160, 161, 162, 163, 164, 165, 166, 285, 286, 287, 288, 289, 290, 291, 292, 293, 294, 295, 297, 298, 299, 300, 301]
[336, 337, 338, 339, 340, 341]
[31, 32, 33, 34, 35]
[18, 19, 20]
[33, 34, 35, 36, 37, 52, 53, 54, 55, 56, 57, 58]
[36, 37, 38, 39, 40, 41, 42]
[16, 17, 18, 19, 98, 99, 100, 101, 102]
[13, 14, 15, 16, 58, 59, 60, 61, 62, 63, 64, 65, 66]
[109, 110, 111, 112, 113]
[506, 507, 508, 509, 510, 511, 674, 675, 676, 677]
[21, 22, 23, 24, 25, 26, 27, 28]
[729, 730, 731]
[308, 309, 310, 311]
[74, 75, 76]
[33, 34, 35, 36, 37, 76, 77, 78, 79, 80, 81, 82, 83, 109, 110, 111, 112, 113, 114, 115, 116, 117, 118]
[46, 47, 48, 49, 50, 51, 97, 98, 99, 100, 101]
[]
[116, 117, 118, 119, 120, 121]
[142, 143, 144, 145, 146, 147]
[80, 81, 82, 83, 142, 143, 144, 145, 146]
[130, 131, 132, 133, 134, 135, 136, 137, 217, 218, 219, 220, 221, 222, 223, 224, 262, 263, 264, 265, 266, 267]
[]
[]
[11, 12, 13, 14]
[0, 1, 2, 3, 9, 10, 11, 12]
[87, 88, 89, 90, 91, 92, 142, 143, 144, 145, 146, 147]
[13, 14, 15, 16, 17]
[36, 37, 38, 39, 40, 41, 42, 142, 143, 144, 145, 146, 147, 148, 149, 150, 151, 154, 155, 156, 157, 158]
[63, 64, 65]
[311, 312, 313, 314, 317, 318, 319, 320, 323, 324, 325, 326]
[]
[55, 56, 57, 58, 59, 60]
[47, 48, 49, 50, 51, 52, 53, 54, 55]
[10, 11, 12, 13, 14, 15]
[341, 342, 343, 344, 345, 346, 347, 348, 349]
[26, 27, 28, 29, 30, 31, 32, 33, 34, 43, 44, 45, 46, 47, 54, 55, 56, 57, 58, 59, 153, 154, 155, 156, 157]
[491, 492, 493, 494, 495, 496]
[21, 22, 23, 24, 25, 26, 27, 28, 78, 79, 80, 81, 82, 83, 84, 85, 94, 95, 96, 97, 98, 99, 100, 101, 144, 145, 146, 147, 636, 637, 638, 639, 640, 641, 642, 643, 698, 699, 700, 701, 702]
[123, 124, 125, 126, 127, 128]
[42, 43, 44, 45, 46]
[8, 9, 10, 11, 12, 13, 14, 15, 21, 22, 23, 24, 25, 26, 54, 55, 56, 57, 58, 59]
[40, 41, 42, 43, 44, 45, 46]
[]
[114, 115, 116, 117]
[8, 9, 10, 11, 12, 13, 14, 52, 53, 54, 55, 56, 57, 58, 59, 128, 129, 130, 131, 132, 133, 134, 135, 241, 242, 243, 244, 245, 246, 247, 249, 250, 251, 252, 313, 314, 315, 316, 317, 318, 319, 321, 322, 323, 324, 325]
[10, 11, 12, 13, 142, 143, 144, 145, 146, 147, 148, 149]
[38, 39, 40, 41, 42, 43, 74, 75, 76, 77, 373, 374, 375, 376, 377, 378, 379]
[13, 14, 15, 16, 17, 52, 53, 54, 55, 56, 57, 58, 186, 187, 188, 189, 190, 191]
[50, 51, 52, 53, 54, 55]
[46, 47, 48, 49, 50, 51, 52, 53, 54, 55, 154, 155, 156, 157, 158, 159]
[206, 207, 208, 209, 216, 217, 218, 219, 238, 239, 240, 241]
[9, 10, 11, 12, 13, 14]
[4, 5, 6, 7, 8]
[48, 49, 50, 51, 52]
[28, 29, 30, 31, 32]
[564, 565, 566, 567, 568, 569]
[218, 219, 220, 221, 222, 223, 224, 225, 270, 271, 272, 273, 274, 275, 276, 277]
[84, 85, 86, 87, 88, 89, 105, 106, 107, 108]
[12, 13, 14, 15, 16, 17, 19, 20, 21, 22, 23]
[38, 39, 40, 41]
[80, 81, 82, 83, 84, 85, 86]
[18, 19, 20, 21, 22]
[87, 88, 89, 90, 91, 92, 93, 94, 96, 97, 98, 99]
[10, 11, 12, 13, 14, 15]
[]
[474, 475, 476, 477, 478, 479, 480, 481, 482, 607, 608, 609, 610, 611, 612, 892, 893, 894, 895]
[145, 146, 147, 148, 149, 150]
[147, 148, 149, 150, 151]
[22, 23, 24, 25, 26, 27]
[6, 7, 8, 9, 10, 11, 12, 13, 40, 41, 42, 43, 44, 45, 46]
[]
[]
[87, 88, 89, 90, 91, 199, 200, 201, 202, 203, 204]
[73, 74, 75, 76, 77]
[19, 20, 21, 22]
[471, 472, 473, 474, 475, 476, 477, 506, 507, 508, 509, 510, 511, 512]
[244, 245, 246, 247, 248]
[]
[11, 12, 13, 14, 15, 16]
[22, 23, 24, 25, 26, 27, 28]
[89, 90, 91, 92, 93, 94, 95, 96]
[305, 306, 307, 308, 309, 310, 311, 312, 313]
[67, 68, 69, 70, 71]
[]
[101, 102, 103, 104, 105, 106, 107, 108, 311, 312, 313, 314, 315, 316, 317, 318]
[10, 11, 12, 13, 14, 15]
[32, 33, 34, 35]
[943, 944, 945, 946, 947, 948, 949, 950, 951]
[]
[74, 75, 76, 77, 78, 79, 80, 81, 82, 83, 84]
[36, 37, 38, 39, 40, 41, 43, 44, 45, 46]
[15, 16, 17, 18]
[15, 16, 17, 18]
[0, 1, 2, 3, 44, 45, 46, 47, 48, 49, 50, 51, 52]
[61, 62, 63, 64, 65, 66, 67, 68]
[]
[153, 154, 155, 156]
[9, 10, 11, 12, 13, 14, 271, 272, 273, 274, 275, 276, 277]
[128, 129, 130, 131, 132, 133, 134, 135, 136]
[62, 63, 64, 65]
[71, 72, 73, 74, 75, 76, 78, 79, 80, 81, 82]
[0, 1, 2, 3, 4, 5]
[]
[49, 50, 51, 52, 53, 54]
[33, 34, 35, 36, 37, 38, 39, 40]
[95, 96, 97, 98, 99, 100]
[40, 41, 42, 43, 44, 45]
[37, 38, 39, 40, 41, 42, 86, 87, 88, 89, 90]
[25, 26, 27, 28, 29]
[]
[0, 1, 2, 3, 4, 5]
[169, 170, 171, 172]
[27, 28, 29, 30, 177, 178, 179, 180, 181]
[96, 97, 98, 99, 100, 101, 128, 129, 130, 131, 147, 148, 149, 150, 151, 152, 153, 154, 156, 157, 158, 159, 160, 161]
[96, 97, 98, 99, 100, 101, 102, 104, 105, 106, 107, 108, 109, 110, 111]
[131, 132, 133, 134, 135, 136, 178, 179, 180, 181, 182, 183]
[132, 133, 134, 135, 136, 137, 138, 139, 140]
[49, 50, 51, 52]
[523, 524, 525, 526, 849, 850, 851, 852, 853, 854, 866, 867, 868, 869, 870, 871]
[10, 11, 12, 13, 14]
[11, 12, 13, 14, 15]
[296, 297, 298, 299, 300, 301]
[0, 1, 2, 3, 4, 5, 7, 8, 9]
[18, 19, 20, 21, 22]
[73, 74, 75, 76, 77, 78]
[]
[12, 13, 14, 15, 16, 17, 35, 36, 37, 38, 39, 40, 41, 42, 43, 88, 89, 90, 91, 92, 93]
[198, 199, 200, 201, 202, 203, 204, 205]
[173, 174, 175, 176]
[238, 239, 240, 241, 242]
[103, 104, 105, 106, 107]
[30, 31, 32, 33, 34, 35]
[31, 32, 33, 34]
[8, 9, 10, 11, 12, 13]
[142, 143, 144, 145, 146, 233, 234, 235, 236, 237, 238, 239, 240, 241]
[34, 35, 36, 37]
[69, 70, 71, 72, 73]
[226, 227, 228, 229, 230, 231, 232]
[11, 12, 13, 14, 15]
[162, 163, 164, 165, 166, 167, 168, 169, 170, 171, 253, 254, 255, 256, 257, 258, 259, 260, 262, 263, 264, 265, 266, 267, 268]
[73, 74, 75, 76, 77, 78, 146, 147, 148, 149]
[98, 99, 100, 101, 102, 103]
[97, 98, 99, 100, 101, 102, 103, 104, 105, 106, 171, 172, 173, 174, 175, 176, 177, 178, 179, 191, 192, 193, 194]
[189, 190, 191, 192, 193, 194, 209, 210, 211, 212, 213, 309, 310, 311, 312, 313, 314, 466, 467, 468, 469, 470, 471, 502, 503, 504, 505, 506, 507]
[48, 49, 50, 51, 52, 53, 54, 55]
[162, 163, 164, 165, 166, 167]
[10, 11, 12, 13, 14]
[207, 208, 209, 210, 211, 243, 244, 245, 246, 247]
[31, 32, 33, 34, 35, 74, 75, 76, 77, 78, 79, 80, 81, 82, 117, 118, 119, 120, 121, 122, 123]
[]
[50, 51, 52, 53, 54, 55, 56, 57, 75, 76, 77, 78, 79, 80, 81]
[29, 30, 31, 32, 33, 34]
[12, 13, 14, 15, 32, 33, 34, 35, 36]
[96, 97, 98]
[7, 8, 9, 10, 11, 12, 13]
[116, 117, 118, 119, 120, 183, 184, 185, 186, 187]
[115, 116, 117, 118, 119, 172, 173, 174, 175, 176]
[18, 19, 20, 21, 22, 23, 28, 29, 30, 31, 32, 40, 41, 42, 43, 44, 45, 46, 47, 48, 49, 50, 56, 57, 58, 59, 60, 61, 62]
[11, 12, 13, 14, 15, 16, 17, 18]
[26, 27, 28, 29, 30, 31, 32, 33, 34]
[30, 31, 32, 33, 34, 35, 36, 37, 38, 39, 40, 43, 44, 45, 46]
[195, 196, 197, 198, 199, 200]
[39, 40, 41, 42, 43, 44, 45]
[21, 22, 23, 24, 25, 26]
[]
[68, 69, 70, 71, 72, 128, 129, 130, 131, 132, 133]
[15, 16, 17, 18, 19, 20, 21, 22, 23, 24]
[150, 151, 152, 153, 154]
[4, 5, 6, 7, 8]
[44, 45, 46, 47]
[]
[21, 22, 23, 24, 25, 214, 215, 216, 217, 218, 219]
[15, 16, 17, 18, 19, 20, 21, 22, 23, 24, 98, 99, 100, 101, 102, 103]
[47, 48, 49, 50, 51, 52, 53, 149, 150, 151, 152, 153, 154, 155]
[25, 26, 27, 28, 29, 30, 31, 32, 33, 41, 42, 43, 44, 45, 46]
[56, 57, 58, 59]
[16, 17, 18, 19, 20]
[10, 11, 12, 13, 14, 15]
[0, 1, 2, 3, 4]
[7, 8, 9, 10, 11, 12, 73, 74, 75, 76]
[0, 1, 2, 3, 4, 6, 7, 8, 9, 10, 11, 12, 13, 14, 15]
[53, 54, 55, 56, 57, 58, 59, 60, 61]
[86, 87, 88, 89, 90]
[]
[33, 34, 35, 36, 37]
[132, 133, 134, 135]
[534, 535, 536, 537, 538, 539, 540, 541, 542, 543, 544, 550, 551, 552, 553, 554, 555]
[60, 61, 62, 63, 64, 207, 208, 209, 210, 211]
[]
[12, 13, 14, 15, 82, 83, 84, 85, 86, 87, 88, 166, 167, 168, 169, 170, 171, 172, 201, 202, 203, 204]
[381, 382, 383, 384, 385]
[260, 261, 262, 263, 264, 265, 282, 283, 284, 285, 286, 287, 288, 289, 290, 292, 293, 294, 295, 296]
[200, 201, 202, 203, 204, 205]
[167, 168, 169, 170, 459, 460, 461, 462, 561, 562, 563, 564, 565, 566, 567, 568, 569, 570]
[40, 41, 42, 43, 44, 45]
[]
[258, 259, 260, 261, 262, 263, 264, 265]
[65, 66, 67, 68, 69, 70, 71, 72, 73, 74]
[96, 97, 98, 99, 100, 101]
[35, 36, 37, 38, 39, 40, 41, 42, 43, 44]
[25, 26, 27, 28, 29, 30, 31, 32, 33]
[23, 24, 25, 26]
[4, 5, 6, 7, 8, 9, 27, 28, 29, 30, 31, 32, 33]
[14, 15, 16, 17, 18]
[0, 1, 2, 3, 4, 5, 7, 8, 9, 10, 11, 12, 13, 14, 15]
[226, 227, 228, 229, 230, 231]
[89, 90, 91]
[47, 48, 49, 50, 51, 52]
[0, 1, 2, 3, 4, 5, 142, 143, 144, 145, 146, 147]
[60, 61, 62, 63, 64, 65, 66]
[]
[258, 259, 260, 261, 262, 263]
[7, 8, 9, 10, 11]
[134, 135, 136, 137, 594, 595, 596, 597, 598, 599, 600, 601]
[]
[]
[9, 10, 11, 12, 13]
[41, 42, 43, 44, 45]
[44, 45, 46, 47, 48, 49]
[63, 64, 65, 66, 67, 68, 69]
[0, 1, 2, 3, 4, 5, 6]
[]
[93, 94, 95, 96, 97, 139, 140, 141, 142, 143, 245, 246, 247]
[]
[643, 644, 645, 646, 647, 648, 720, 721, 722, 723, 724, 725]
[358, 359, 360, 361, 362, 363, 364, 365, 368, 369, 370, 371, 372, 373]
[220, 221, 222, 223, 224]
[16, 17, 18, 19, 20, 21]
[144, 145, 146, 147, 148, 149, 150]
[8, 9, 10, 11, 12, 13, 14, 15, 66, 67, 68, 69, 470, 471, 472, 473, 474, 475, 476]
[21, 22, 23, 24, 25, 26]
[173, 174, 175, 176, 177]
[4, 5, 6, 7, 8, 9, 10, 11]
[0, 1, 2, 3, 4, 5, 6, 7]
[6, 7, 8, 9]
[12, 13, 14, 15, 16, 85, 86, 87, 88, 89]
[15, 16, 17, 18, 19]
[]
[446, 447, 448, 449, 450, 451]
[307, 308, 309, 310, 311]
[381, 382, 383, 384]
[8, 9, 10, 11, 12, 13, 14]
[52, 53, 54, 55, 56, 57]
[0, 1, 2, 3, 4, 5, 17, 18, 19, 20]
[0, 1, 2, 3, 4, 5, 6, 7, 9, 10, 11, 12, 13, 14, 62, 63, 64, 65]
[0, 1, 2, 3, 4, 5, 14, 15, 16, 17, 18, 19]
[141, 142, 143, 144, 145, 146]
[261, 262, 263, 264, 265, 266]
[23, 24, 25, 26, 94, 95, 96, 97, 98, 99, 100]
[59, 60, 61, 62, 63, 64, 65, 66]
[291, 292, 293, 294, 295, 438, 439, 440, 441, 442]
[24, 25, 26, 27, 28, 29, 30, 31, 32]
[89, 90, 91, 92, 93, 94, 95, 96, 97, 98, 140, 141, 142, 143]
[22, 23, 24, 25, 26, 27, 110, 111, 112, 113, 114, 115, 116, 117, 118, 119]
[77, 78, 79, 80, 81, 82, 124, 125, 126, 127, 128, 129, 130, 131, 132, 133, 960, 961, 962, 963, 964, 965]
[147, 148, 149, 150, 151, 152, 153, 154, 155, 156]
[214, 215, 216, 217, 218]
[0, 1, 2, 3, 4]
[93, 94, 95, 96, 97, 98, 332, 333, 334, 335, 336, 337, 363, 364, 365, 366]
[]
[73, 74, 75, 76, 77, 78]
[161, 162, 163, 164, 165, 166, 171, 172]
[91, 92, 93, 94]
[104, 105, 106, 107, 108]
[38, 39, 40, 41, 42, 43, 59, 60, 61, 62, 63, 64, 65]
[19, 20, 21, 22, 23, 24, 25]
[235, 236, 237, 238, 239, 240, 241, 242, 243, 289, 290, 291, 292, 293, 294, 295, 296, 297, 298, 299, 300, 301]
[49, 50, 51, 52]
[85, 86, 87, 88, 89, 186, 187, 188, 189, 190, 191, 192]
[51, 52, 53]
[16, 17, 18, 19, 20, 21, 22, 23, 24, 25]
[12, 13, 14, 15, 16, 17, 18, 19, 47, 48, 49, 50, 51, 52, 53]
[38, 39, 40, 41, 42, 43, 133, 134, 135, 136, 150, 151, 152, 153, 154, 155, 156, 157, 158, 159]
[28, 29, 30, 31, 32, 33, 34, 35]
[15, 16, 17, 18, 199, 200, 201, 202, 203, 204]
[77, 78, 79, 80, 81]
[31, 32, 33]
[27, 28, 29, 30]
[8, 9, 10, 11, 12]
[]
[32, 33, 34, 35]
[143, 144, 145, 146, 147, 148, 149, 150, 151, 152, 181, 182, 183, 184, 185, 186, 200, 201, 202, 203, 204, 205, 206, 207, 208]
[26, 27, 28, 29, 30, 31]
[3, 4, 5, 6, 7]
[17, 18, 19, 20, 21]
[86, 87, 88, 89, 90, 91, 105, 106, 107, 108, 109, 110]
[18, 19, 20, 21, 22, 35, 36, 37]
[14, 15, 16, 17, 18, 19, 20, 21]
[58, 59, 60, 61, 62, 63, 64, 84, 85, 86, 87]
[147, 148, 149, 150, 151]
[57, 58, 59, 60, 61, 62, 63, 64, 65, 189, 190, 191, 192, 193]
[116, 117, 118, 120, 121, 122, 123, 124, 125, 126, 127]
[282, 283, 284, 285, 286]
[]
[283, 284, 285, 286, 479, 480, 481, 482, 483, 484]
[283, 284, 285, 286, 287, 302, 303, 304, 305, 306, 307]
[37, 38, 39, 40, 41, 42]
[]
[14, 15, 16, 17, 18, 55, 56, 57, 58, 59, 60]
[35, 36, 37, 38, 39]
[]
[67, 68, 69, 70, 71]
[87, 88, 89, 90, 91, 92, 93, 94, 95]
[37, 38, 39, 40, 41, 42, 43, 66, 67, 68, 69, 70, 71, 72, 73]
[14, 15, 16, 17, 18]
[43, 44, 45, 46, 47]
[62, 63, 64, 65, 82, 83, 84, 85, 86]
[7, 8, 9, 10, 11, 12]
[30, 31, 32, 33, 34]
[22, 23, 24, 25, 26, 27, 28]
[97, 98, 99, 100, 101, 102]
[60, 61, 62, 63, 65, 66, 67]
[19, 20, 21, 22, 23, 24, 25, 26, 27, 86, 87, 88, 89, 90]
[21, 22, 23, 24, 25, 26, 27, 28, 29, 30, 54, 55, 56, 57, 58, 59, 60, 61, 62, 132, 133, 134, 135, 136, 137, 188, 189, 190, 191, 192, 193, 194, 252, 253, 254, 255, 256]
[32, 33, 34]
[84, 85, 86, 87, 88, 89, 90]
[115, 116, 117, 118, 119]
[]
[5, 6, 7, 8, 55, 56, 57, 58, 59]
[170, 171, 172, 173, 174, 175]
[]
[23, 24, 25]
[0, 1, 2, 3, 5, 6, 7, 8, 74, 75, 76, 77, 78, 79, 80]
[925, 926, 927, 928, 929, 930, 931]
[270, 271, 272, 273, 286, 287, 288, 289, 290, 291]
[22, 23, 24, 25, 26, 27, 28, 29]
[59, 60, 61, 62, 63, 64]
[74, 75, 76, 77]
[24, 25, 26, 27, 28, 282, 283, 284, 285, 286, 287, 288]
[24, 25, 26, 27, 28, 29]
[]
[11, 12, 13, 14, 15]
[23, 24, 25, 26, 27, 28, 213, 214, 215, 216, 217, 218, 219, 220, 221]
[6, 7, 8, 9, 10, 11, 12, 13, 211, 212, 213, 214, 215, 216]
[19, 20, 21, 22, 23, 24]
[15, 16, 17, 18, 19]
[]
[25, 26, 27, 28, 29, 30]
[4, 5, 6, 7, 8, 442, 443, 444, 445, 446]
[66, 67, 68, 69, 72, 73, 74, 75, 76]
[259, 260, 261, 262, 263, 264, 265, 266, 267, 268]
[16, 17, 18, 19, 20, 21, 22]
[81, 82, 83, 84, 85, 86, 182, 183, 184, 185, 186, 187, 209, 210, 211, 212, 213, 214]
[12, 13, 14, 15, 16]
[48, 49, 50, 51, 52]
[12, 13, 14, 15, 16]
[11, 12, 13, 14, 15]
[42, 43, 44, 45]
[31, 32, 33, 34, 35]
[88, 89, 90, 91, 92, 115, 116, 117, 118]
[5, 6, 7, 8, 9, 96, 97, 98, 99]
[15, 16, 17, 18, 19, 119, 120, 121, 122, 123, 124, 125]
[]
[8, 9, 10, 11, 12, 30, 31, 32, 33]
[107, 108, 109, 110, 111, 112, 113, 130, 131, 132, 133, 134, 135, 136]
[]
[0, 1, 2, 3]
[]
[18, 19, 20, 21, 23, 24, 25, 26]
[16, 17, 18, 19, 20, 21]
[254, 255, 256, 257, 258, 259, 260]
[17, 18, 19, 20, 40, 41, 42, 43]
[0, 1, 2, 3, 4, 5, 6, 7, 8, 20, 21, 22, 23]
[11, 12, 13, 14, 15, 16, 17, 18, 19]
[27, 28, 29, 30, 31, 32, 33, 520, 521, 522, 523]
[0, 1, 2, 3, 4, 5, 6, 7, 8, 9, 11, 12, 13, 14, 15, 16, 17, 73, 74, 75, 76]
[22, 23, 24, 25, 26]
[]
[83, 84, 85, 86, 87, 88]
[138, 139, 140, 141, 142, 143, 144, 145, 146]
[7, 8, 9, 10]
[33, 34, 35, 36, 37, 157, 158, 159, 160, 161, 201, 202, 203, 204, 205]
[18, 19, 20, 21, 22, 23, 24, 25, 26, 48, 49, 50, 51, 52]
[18, 19, 20, 21, 22, 23, 200, 201, 202, 203, 204, 205, 206, 207, 208]
[53, 54, 55, 56, 57, 58, 59, 60, 95, 96, 97, 98, 99]
[19, 20, 21, 22, 23]
[100, 101, 102, 103, 104, 105, 106, 107, 108, 260, 261, 262, 263, 264, 265]
[8, 9, 10, 11]
[389, 390, 391, 392, 565, 566, 567, 568, 569]
[262, 263, 264, 265, 266, 428, 429, 430, 431, 432, 433]
[8, 9, 10, 11, 12, 13, 14]
[31, 32, 33, 34]
[80, 81, 82, 83, 84, 85]
[12, 13, 14, 15, 16, 17, 18, 19, 73, 74, 75, 76, 77, 78, 79, 198, 199, 200, 201, 202, 203, 204, 205, 206, 306, 307, 308, 309, 310, 311, 359, 360, 361, 362, 363, 364, 388, 389, 390, 391, 392, 393, 571, 572, 573, 574, 575, 576, 577, 578, 699, 700, 701, 702, 703]
[]
[]
[76, 77, 78, 79, 80, 81, 82, 83, 84, 85, 91, 92, 93, 94, 95, 96, 97]
[88, 89, 90, 91, 92, 93]
[209, 210, 211, 212, 213, 391, 392, 393, 394, 395]
[28, 29, 30, 31, 32]
[93, 94, 95, 96]
[]
[21, 22, 23, 24, 25, 26, 27, 28]
[23, 24, 25, 26, 27, 28, 29, 30, 31, 131, 132, 133, 134, 135, 136, 237, 238, 239, 240, 241, 242, 243, 244, 245]
[109, 110, 111, 112, 113, 114]
[4, 5, 6, 7, 11, 12, 13, 106, 107, 108]
[0, 1, 2, 3, 4, 5, 19, 20, 21, 22, 23, 24]
[829, 830, 831, 832]
[57, 58, 59, 60, 61, 62, 63, 64, 65, 66, 67, 68]
[21, 22, 23, 24, 25, 26, 27, 28, 29, 98, 99, 100, 101, 102, 103, 104, 105]
[]
[9, 10, 11, 12]
[118, 119, 120, 121]
[16, 17, 18, 19, 20]
[144, 145, 146, 147, 148]
[26, 27, 28, 29]
[36, 37, 38, 39, 40, 41, 42, 43, 58, 59, 60, 61, 62, 63, 64, 65, 66, 142, 143, 144, 145, 146, 147]
[]
[140, 141, 142, 143, 212, 213, 214, 215, 216]
[552, 553, 554, 555, 556, 557, 558, 559, 560, 561, 661, 662, 663, 664, 665, 666, 676, 677, 678, 679, 680, 698, 699, 700, 701]
[119, 120, 121, 122, 123, 124]
[71, 72, 73]
[0, 1, 2, 3, 9, 10, 11, 12, 13, 14, 15, 16]
[]
[0, 1, 2, 3, 4]
[15, 16, 17, 18, 19, 68, 69, 70, 71, 72]
[15, 16, 17, 18, 19, 20, 21, 22, 25, 26, 27, 28, 29, 30, 31, 32, 217, 218, 219, 220, 221, 222, 223, 225, 226, 227, 228, 229]
[18, 19, 20, 21, 22, 54, 55, 56, 57, 58, 116, 117, 118, 119, 120]
[49, 50, 51, 52, 53, 54, 317, 318, 319, 320, 321, 322]
[96, 97, 98, 99, 100, 101, 102, 177, 178, 179, 180, 181, 182, 243, 244, 245, 246, 247, 248, 249]
[0, 1, 2, 3, 4, 5, 6]
[]
[8, 9, 10, 11, 12, 13, 14]
[972, 973, 974, 975]
[236, 237, 238, 239, 240, 241, 243, 244, 245, 246, 247, 248, 249, 250]
[71, 72, 73, 74, 75, 76, 77]
[17, 18, 19, 20, 21, 32, 33, 34, 35, 36, 37, 38, 39]
[]
[]
[12, 13, 14, 15]
[12, 13, 14, 15, 16]
[284, 285, 286, 287, 288, 289]
[60, 61, 62, 63, 64, 65]
[77, 78, 79, 80]
[323, 324, 325, 326, 327, 328, 329, 330]
[7, 8, 9, 10, 11]
[92, 93, 94, 95, 96, 220, 221, 222, 223, 224]
[115, 116, 117, 118, 119]
[104, 105, 106, 107, 108, 109, 110, 111, 112, 113, 114]
[235, 236, 237, 238, 239, 240, 241]
[18, 19, 20, 21, 22, 23, 188, 189, 190, 191, 192, 193]
[50, 51, 52, 53, 54, 143, 144, 145, 146, 147, 148]
[27, 28, 29, 30, 31, 32, 33]
[70, 71, 72, 73, 74, 75, 76, 77, 84, 85, 86, 87, 88, 89, 90, 91]
[113, 114, 115, 116, 117, 118, 124, 125, 126, 127, 128, 129, 130, 131]
[100, 101, 102, 103, 104, 293, 294, 295, 296, 297, 298]
[0, 1, 2, 3, 13, 14, 15, 16]
[0, 1, 2, 3]
[4, 5, 6, 7, 8, 9, 10, 11, 12]
[36, 37, 38, 39, 40, 60, 61, 62, 63, 64, 65, 66, 67, 68]
[55, 56, 57, 58]
[9, 10, 11, 12, 13, 14, 15, 16, 28, 29, 30, 31, 32, 33, 34, 35, 36, 37]
[63, 64, 65, 66, 67, 68, 119, 120, 121, 122, 123, 124, 125, 126, 127]
[6, 7, 8, 9, 10]
[18, 19, 20, 21, 22, 23]
[202, 203, 204, 205]
[111, 112, 113, 114]
[16, 17, 18, 19, 20, 21, 22]
[75, 76, 77, 78]
[19, 20, 21, 22]
[401, 402, 403, 404, 405, 406, 407, 408]
[0, 1, 2, 3]
[26, 27, 28, 29, 30, 31]
[64, 65, 66, 67, 80, 81, 82, 83]
[45, 46, 47, 48, 49, 50]
[]
[621, 622, 623, 624, 625, 626, 627, 628, 729, 730, 731, 732]
[13, 14, 15, 16, 17, 18]
[105, 106, 107, 108]
[264, 265, 266, 267, 268, 269, 270, 271, 272, 273, 685, 686, 687, 688, 689, 690]
[80, 81, 82, 83, 84, 85]
[91, 92, 93, 94, 95, 96, 97, 130, 131, 132, 133]
[]
[75, 76, 77, 78, 79, 80, 81, 82]
[13, 14, 15, 16, 17]
[0, 1, 2, 3, 4, 5, 6, 36, 37, 38, 39, 40, 41, 42, 48, 49, 50, 51, 344, 345, 346, 347, 348, 349, 350, 366, 367, 368, 369, 370, 371, 372, 373, 374, 375]
[99, 100, 101, 102, 103, 104]
[]
[29, 30, 31, 32, 33]
[8, 9, 10, 11, 12, 13, 14, 15, 16]
[41, 42, 43, 44, 45, 46]
[11, 12, 13, 14, 15, 16, 17, 18, 19, 25, 26, 27, 28]
[20, 21, 22, 23]
[22, 23, 24, 25, 26]
[9, 10, 11, 12, 13, 14, 15]
[16, 17, 18, 19]
[85, 86, 87, 88, 89, 90, 95, 96, 97, 98, 99, 100, 101, 150, 151, 152, 153, 154, 155]
[145, 146, 147, 148, 149, 150, 151, 349, 350, 351, 352, 363, 364, 365, 366, 367, 368]
[166, 167, 168, 169, 170, 171]
[164, 165, 166, 167, 168, 169, 170]
[141, 142, 143, 144, 145, 146]
[56, 57, 58, 59]
[12, 13, 14, 15, 16]
[]
[198, 199, 200, 201, 202, 203]
[53, 54, 55, 56, 57, 58, 60, 61, 62]
[8, 9, 10, 11, 12, 13, 14]
[10, 11, 12, 13, 14]
[111, 112, 113, 114, 115]
[23, 24, 25, 26, 27, 28]
[]
[48, 49, 50, 51, 193, 194, 195, 196, 197, 219, 220, 221, 279, 280, 281, 282, 283, 284]
[17, 18, 19, 20, 21, 22]
[0, 1, 2, 3, 4, 5, 17, 18, 19, 20, 21, 22, 23]
[14, 15, 16, 17, 18, 19, 20, 21]
[25, 26, 27, 28]
[31, 32, 33, 34, 35, 36]
[213, 214, 215, 216, 217, 218, 403, 404, 405, 406, 407, 408]
[0, 1, 2, 3, 4, 5, 6, 7]
[41, 42, 43, 44, 45, 46]
[46, 47, 48, 49, 50]
[0, 1, 2, 3, 15, 16, 17, 18, 19]
[30, 31, 32, 33, 34, 35, 100, 101, 102, 103, 104, 105, 669, 670, 671, 672, 673, 674]
[7, 8, 9, 10, 11, 12, 13, 14, 15, 16]
[99, 100, 101, 102, 103, 104]
[100, 101, 102, 103, 104, 105, 106, 107, 115, 116, 117, 118, 119, 120, 121, 122, 123, 124, 174, 175, 176, 177, 178]
[85, 86, 87, 88]
[0, 1, 2, 3, 4, 5, 6]
[]
[0, 1, 2, 3, 4, 5, 6]
[19, 20, 21, 22, 23, 24]
[144, 145, 146, 147, 148]
[21, 22, 23, 24]
[159, 160, 161, 162, 163, 164, 381, 382, 383, 384, 385, 656, 657, 658, 659, 660, 661, 816, 817, 818, 819, 820, 927, 928, 929, 930, 931, 932, 975, 976, 977, 978, 979, 980]
[53, 54, 55, 56, 57]
[267, 268, 269, 270, 271, 412, 413, 414, 415, 416, 417]
[34, 35, 36, 37, 38]
[0, 1, 2, 3, 4, 380, 381, 382, 383, 384, 385, 386, 387, 411, 412, 413, 414, 415, 416, 417]
[124, 125, 126, 127, 128]
[33, 34, 35, 36]
[70, 71, 72, 73, 228, 229, 230, 231, 232, 233]
[110, 111, 112, 113, 114, 115, 116, 117, 118, 119, 172, 173, 174, 175]
[31, 32, 33, 34, 35, 36, 37, 38, 39]
[97, 98, 99, 100, 102, 103, 104, 105, 106, 107, 108, 122, 123, 124, 125, 126, 127, 128, 129]
