[137, 138, 139, 140, 141, 142]
[45, 46, 47, 48, 49, 50, 51]
[87, 88, 89, 90]
[206, 207, 208, 209, 403, 404, 405, 406, 407, 675, 676, 677, 678, 933, 934, 935, 936, 937]
[40, 41, 42, 43, 44, 45, 46, 47, 48, 49, 50, 51, 184, 185, 186, 187, 188, 189]
[66, 67, 68, 69, 70, 71]
[30, 31, 32]
[8, 9, 10, 11, 12]
[525, 526, 527, 528, 529, 530, 531, 662, 663, 664, 665, 666, 667, 668, 803, 804, 805]
[0, 1, 2, 3, 4, 5, 6, 8, 9, 10, 11, 12, 64, 65, 66, 67, 173, 174, 175, 176, 177, 178, 179, 180, 181, 182, 183, 184, 185]
[191, 192, 193, 194]
[74, 75, 76, 77, 108, 109, 110, 111, 112, 113, 114, 115, 116, 117, 118]
[15, 16, 17, 18, 19, 20]
[16, 17, 18, 19, 20]
[97, 98, 99, 100, 101, 102, 146, 147, 148, 149, 150, 151, 152, 153, 154, 155, 156, 834, 835, 836, 837]
[]
[25, 31, 32, 33, 34, 35]
[98, 99, 100, 102, 103, 104, 105, 106, 107]
[0, 1, 2, 3]
[254, 255, 256, 257, 520, 521, 522, 523, 524, 622, 623, 624, 625]
[12, 13, 14, 15, 16]
[72, 73, 74, 75, 96, 97, 98, 99, 100]
[39, 42]
[59, 60, 61, 62, 63, 64, 65, 66, 67]
[82, 83, 84, 85, 86, 87, 88, 89, 90, 91]
[93, 94, 95, 96, 97, 98, 99, 100]
[269, 270, 271, 272, 273, 566, 567, 568, 569, 570]
[0, 1, 2, 3, 4, 5, 6]
[]
[576, 577, 578, 579, 670, 671, 672, 673, 674, 675]
[64, 65, 66, 67, 68, 69, 75, 76, 77, 78, 79, 80, 81, 82, 83, 270, 271, 272, 273, 274, 275, 276, 277, 278, 425, 426, 427, 428, 429]
[85, 86, 87, 88, 89, 90, 115, 116, 117, 118, 119, 142, 143, 144, 145, 146, 147, 148, 240, 241, 242, 243, 244, 245, 246]
[0, 1, 2, 3, 4, 5, 6, 7, 8]
[37, 38, 39, 40, 41, 42]
[10, 11, 12, 13, 14]
[80, 81, 82, 83, 84]
[720, 721, 722, 723, 724, 725, 726, 937, 938, 939, 940, 941, 942]
[]
[34, 35, 36, 37, 38, 39, 40, 41, 63, 64, 65, 66, 67, 119, 120, 121, 122, 123, 142, 143, 144, 145]
[15, 16, 17, 18, 36, 37, 38, 39, 40, 41, 233, 234, 235, 236, 237, 238, 239]
[20, 21, 22, 23, 24, 25]
[293, 294, 295, 296, 297]
[156, 157, 158, 159, 160, 161, 162, 163, 164]
[6, 7, 8, 9, 10, 11, 157, 158, 159, 160, 161, 162]
[7, 8, 9, 10, 11, 12, 13, 14, 15, 16]
[297, 298, 299, 300]
[0, 1, 2, 3, 4, 5, 6]
[]
[32, 33, 34, 35, 36, 37, 38, 39, 40]
[68, 69, 70, 71, 72, 73]
[28, 29, 30, 31, 32]
[32, 33, 34, 35, 36, 39, 40, 41, 42, 43, 44]
[13, 14, 15, 16, 286, 287, 288, 289, 290, 291, 292]
[10, 11, 12, 13, 14, 15]
[94, 95, 96, 97]
[109, 110, 111, 112, 637, 638, 639, 640, 641, 642, 643, 644, 764, 828, 829, 830, 831, 837, 838, 839, 840, 841, 842, 843, 844]
[35, 36, 37, 38, 39, 40, 41]
[35, 36, 37, 38, 39, 72, 73, 74, 75, 150, 151, 152, 153]
[158, 159, 160, 161, 162, 163, 194, 195, 196, 197, 198, 199]
[187, 188, 189, 190, 191, 192, 198, 199, 200, 201, 202, 203, 272, 273, 274, 275, 276, 277, 457, 458, 459, 460]
[8, 9, 10, 11, 12, 13, 14, 15, 29, 30, 31, 32, 33, 34, 35, 36, 91, 92, 93, 94, 95, 184, 185, 186, 187, 188]
[95, 96, 97, 98]
[22, 23, 24, 25, 26, 27, 28]
[110, 111, 124, 126, 127, 128, 129, 130, 131]
[0, 1, 2, 3, 4, 5]
[8, 9, 10, 11, 12, 13, 14, 15, 91, 92, 93, 94, 95, 96, 97, 98]
[0, 1, 2, 3]
[]
[32, 33, 34, 35, 36]
[9, 10, 11, 12, 13, 57, 58, 59, 60, 61, 62, 63, 64, 65, 66, 67]
[17, 18, 19, 20, 45, 46, 47, 48, 49, 50, 58, 59, 60, 61, 62, 63]
[0, 1, 2, 3, 4, 21, 22, 23, 24, 25]
[58, 59, 60, 61, 62, 63, 64, 65]
[279, 280, 281, 282, 283, 297, 298, 299, 300, 301, 635, 636, 637, 638, 639, 640, 838, 839, 840, 841, 842]
[12, 13, 14, 15, 16, 17, 108, 109, 110, 111, 112, 113, 114, 115, 116, 117, 118, 120, 121, 122, 123, 124]
[114, 115, 116, 117]
[34, 35, 36, 37]
[0, 1, 2, 3, 4, 5, 6, 8, 9, 10, 11, 12, 13, 88, 89, 90, 91, 92]
[]
[8, 9, 10, 11, 715, 716, 717, 718, 719, 720, 721, 722, 799, 800, 801, 802, 803, 804, 805, 806, 807, 808, 809, 810, 811, 812]
[101, 102, 103, 104, 105, 106, 107, 108, 109, 110, 113, 114, 115, 116, 117, 118, 119, 120, 121, 122, 123, 124, 127, 128, 129, 130, 131, 132, 133, 134]
[43, 44, 45, 46, 47, 48, 49, 50]
[4, 5, 6, 7, 8, 9, 10, 11, 12, 13, 14, 15, 16, 17]
[14, 15, 16, 17, 18, 19]
[39, 40, 41, 42]
[58, 59, 60, 61, 62, 63]
[20, 21, 22, 23, 24, 25, 26]
[114, 115, 116, 117]
[97, 98, 99, 100]
[59, 60, 61, 62, 63]
[6, 7, 8, 9, 10, 11]
[37, 38, 39, 40, 41]
[]
[64, 65, 66, 67, 68, 69, 70, 71]
[208, 209, 210, 211, 212, 213, 250, 251, 252, 253, 254, 255, 306, 307, 308, 309, 310, 311, 410, 411, 412, 413, 414, 415, 416, 417, 418, 521, 522, 523, 524, 525, 526, 712, 713, 714, 715, 716, 717, 791, 792, 793, 794, 795, 796, 925, 926, 927, 928, 929, 930, 931, 932, 933]
[465, 466, 467, 468, 469, 470]
[]
[472, 473, 474, 475, 476, 477, 630, 631, 632, 633, 634, 635]
[91, 92, 93, 94, 95, 96]
[329, 330, 331, 332, 333, 334, 335, 336, 518, 519, 520, 521, 522]
[94, 95, 96, 97, 98, 99, 100, 101, 102, 142, 143, 144, 145, 146, 147, 148, 149, 150, 151]
[66, 67, 68, 69]
[19, 20, 21, 22, 23, 24, 25, 26, 27, 134, 135, 136, 137, 138, 139, 140, 141, 142]
[136, 137, 138, 139, 140, 141]
[49, 50, 51, 52]
[27, 28, 29]
[148, 149, 150]
[68, 69, 70, 71, 72, 73, 74, 137, 138, 139, 140, 141, 142, 143, 144, 145]
[32, 33, 34, 35, 36, 37, 38, 39]
[]
[21, 22, 23, 24, 25, 85, 86, 87, 88, 89, 90, 91, 92, 93]
[15, 16, 17, 18]
[23, 24, 25, 26, 27, 28, 125, 126, 127, 128, 129, 130, 131]
[134, 135, 136, 137, 138, 139, 140, 141, 469, 470, 471, 472, 473, 474, 487, 488, 489, 490, 491, 492]
[0, 1, 2, 3, 16, 17, 18, 19, 20, 21, 22, 23]
[218, 219, 220, 221, 222, 223, 224]
[44, 45, 46, 47, 48]
[2, 3, 4, 5, 6, 8, 9, 10]
[67, 68, 69, 70, 71, 72, 73, 74]
[213, 214, 215, 216, 217]
[77, 78, 79, 80, 81, 82, 83]
[9, 10, 11, 12, 13, 14, 15]
[271, 272, 273, 274, 275, 276, 277, 278, 279, 280, 281, 282, 283, 555, 556, 557, 558, 559, 560, 561, 562]
[0, 1, 2, 3, 4, 5, 6, 7, 8, 9]
[0, 1, 2, 3, 4]
[120, 121, 122, 123, 124, 125, 126]
[19, 20, 21, 22, 23, 24, 35, 36, 37, 38, 39, 40, 41, 42]
[]
[25, 26, 27, 28, 29, 30, 89, 90, 91, 92]
[]
[80, 81, 82, 83, 84, 85, 294, 295, 296, 297, 298, 299, 304, 305, 306, 307, 308, 309]
[11, 12, 13, 14, 15, 16, 17, 18]
[19, 20, 21, 22, 23, 24]
[115, 116, 117, 118, 119, 120, 135, 136, 137, 138, 139, 149, 150, 151, 152, 153, 164, 165, 166, 167, 168, 208, 209, 210, 291, 292, 293, 294, 295, 296]
[0, 1, 2, 3, 4]
[29, 30, 31, 32, 33, 34, 35]
[]
[49, 50, 51, 52, 53, 54]
[10, 11, 12, 13, 14, 217, 218, 219, 220, 329, 330, 331, 332, 333, 334, 335, 336]
[33, 34, 35, 36, 37, 146, 147, 148, 149, 150, 151, 233, 234, 235, 236, 237, 238, 239, 240, 241, 242, 243]
[75, 76, 77, 78, 79, 80, 81, 82, 83, 84, 85, 86, 92, 93, 94, 95, 96, 97, 98, 99]
[300, 301, 302, 303, 304, 305, 306]
[]
[263, 264, 265, 266, 267, 268, 269, 270, 272, 273, 274, 275, 276, 277]
[63, 64, 65, 66, 67, 68, 69, 70]
[26, 27, 28, 29, 55, 56, 57, 58, 60, 61, 62, 63]
[51, 52, 53, 54, 55]
[]
[16, 17, 18, 19, 20, 45, 46, 47, 48, 49, 50, 51, 52, 53]
[10, 11, 12, 13, 100, 101, 102, 103, 104]
[13, 14, 15, 16, 17, 18]
[111, 112, 113, 114, 115, 116, 117, 118, 124, 125, 126, 127, 128, 129, 130, 131, 132]
[33, 34, 35, 36, 37, 38, 39, 40, 41, 42, 43, 44, 312, 313, 314, 315, 316, 317, 318, 406, 407, 408, 409, 410, 411, 412, 413]
[29, 30, 31, 32, 33, 47, 48, 49, 50]
[10, 11, 12, 13, 14, 15]
[11, 12, 13, 14]
[153, 154, 155, 156, 157, 158, 361, 362, 363, 364, 365, 366, 367, 368, 369, 433, 434, 435, 436, 437, 438]
[25, 26, 27, 28]
[44, 45, 46]
[59, 60, 61, 62, 63, 64, 65, 66, 67]
[6, 7, 8, 9, 10, 11, 12]
[73, 74, 75, 76, 77]
[43, 44, 45, 46, 47, 48, 49, 50, 51]
[30, 31, 32, 33, 34, 35, 38, 39, 40]
[16, 17, 18, 19, 20, 65, 66, 67, 68, 69, 70, 87, 88, 89, 90, 91, 92, 146, 147, 148, 149]
[5, 6, 7, 8, 9, 10, 11, 34, 35, 36, 37, 38, 39, 40, 41, 42, 43, 44, 45, 46, 47, 48, 49, 50, 51]
[153, 154, 155, 156, 157, 158, 159, 165, 166, 167, 168, 169, 170, 171, 172]
[23, 24, 25, 26, 27, 28, 29, 70, 71, 72, 73, 74, 101, 102, 103, 104, 114, 115, 116, 117, 118, 119, 120, 137, 138, 139, 140, 141, 142, 143, 371, 372, 373, 374, 375, 507, 508, 509, 510, 511, 512, 513, 514, 515, 516, 517, 531, 532, 533, 534, 535, 536, 697, 698, 699, 700, 701, 702, 703, 704, 705, 706, 707, 828, 829, 830, 831]
[30, 31, 32, 33, 34, 35, 130, 131, 132, 133, 134, 135]
[33, 34, 35, 36, 37, 38, 58, 59, 60, 61, 62, 197, 198, 199, 200, 201, 202, 203, 204, 215, 216, 217, 218, 219, 220, 221, 222, 223, 230, 231, 232, 233, 234]
[128, 129, 130, 131, 132, 133, 187, 188, 189, 190, 191, 192, 219, 220, 221, 222, 223, 224]
[98, 99, 100, 101, 102, 103, 371, 372, 373, 374, 375, 376]
[]
[37, 38, 39, 40, 41]
[24, 25, 26, 27, 28, 29, 30, 31, 32, 33]
[14, 15, 16, 17, 19, 20, 21, 22, 23, 24]
[]
[24, 25, 26, 27, 28]
[21, 22, 23, 24, 25, 26, 27]
[422, 423, 424, 425, 426, 427, 428, 429, 430, 431, 432, 433]
[]
[252, 253, 254, 255, 256, 257]
[24, 25, 26, 27, 28, 29, 30, 31]
[12, 13, 14, 15, 16, 17]
[18, 19, 20, 21, 22, 23, 24]
[321, 322, 323, 324]
[4, 5, 6, 7, 8, 9]
[180, 181, 182, 183, 184, 185, 186, 187, 188, 189, 349, 350, 351, 352, 353, 582, 583, 584, 585, 586, 587, 588, 589, 590]
[17, 18, 19, 20, 21, 22]
[76, 77, 78, 79, 80, 81, 82, 83, 84, 98, 99, 100, 101, 102]
[28, 29, 30, 31]
[0, 1, 2, 3, 4]
[124, 125, 126, 127]
[122, 123, 124, 125, 126, 127, 129, 130, 131, 132, 133, 134, 135, 136]
[]
[]
[31, 32, 33, 34, 35, 36, 37, 38, 62, 63, 64, 65]
[]
[43, 44, 45, 46, 47, 48, 49]
[93, 94, 95, 96, 330, 331, 332, 333, 352, 353, 354, 355, 356, 357, 358, 359, 456, 457, 458, 459, 460, 461, 467, 468, 469, 470, 471, 472, 473]
[192, 193, 194, 195, 196, 197, 369, 370, 371, 372, 373, 374]
[181, 182, 183, 184, 185, 186, 187]
[]
[14, 15, 16, 17, 18, 19, 200, 201, 202, 203, 204, 205, 206, 246, 247, 248, 249, 250, 251]
[37, 38, 39, 40]
[10, 11, 12, 13, 14, 15, 56, 57, 58, 59, 60, 61, 62, 63]
[253, 254, 255, 256, 257, 258, 259, 260]
[0, 1, 2, 3, 4, 5, 6, 7, 8, 9]
[82, 83, 84]
[128, 129, 130, 131, 132, 133]
[19, 20, 21, 22, 23, 24, 25, 26]
[]
[13, 14, 15, 16, 17]
[37, 38, 39, 40, 41]
[214, 215, 216, 217, 218, 219, 220, 800, 801, 802, 803, 804]
[114, 115, 116, 117, 118, 119, 120]
[673, 674, 675, 676]
[111, 112, 113, 114, 309, 310, 311, 312, 313]
[204, 205, 206, 207, 208]
[154, 155, 156, 157, 158, 159, 160, 161, 162, 163, 164]
[140, 141, 142, 143, 144, 145, 151, 152, 153, 154, 155, 156, 157]
[96, 97, 98, 99, 100, 101]
[130, 131, 132]
[74, 75, 76, 77, 78, 79, 80, 104, 105, 106, 107, 108, 109, 110, 111]
[37, 38, 39, 40, 41, 42, 43, 44]
[93, 94, 95, 96]
[5, 6, 7, 8, 9, 10, 11, 12, 13, 18, 19, 20, 21, 22, 23, 24, 25, 49, 50, 51, 52, 53]
[295, 296, 297, 298, 299, 300, 301, 302]
[88, 89, 90, 91, 92, 93, 94]
[87, 88, 89, 90, 91, 92, 93, 94, 95]
[24, 25, 26, 27, 28]
[67, 68, 69, 70]
[48, 49, 50, 51, 52, 53]
[12, 13, 14, 15, 16]
[24, 25, 26, 27, 28, 29, 30, 31, 32, 33, 34]
[153, 154, 155, 156, 157, 158, 159, 160, 162, 163, 164, 165, 166, 205, 206, 207, 208, 209]
[149, 150, 151, 152, 153, 154]
[116, 117, 118, 119]
[16, 17, 18, 19, 20, 21, 27, 28, 29, 30, 31, 32, 33, 34]
[127, 128, 129, 130, 131, 132]
[5, 6, 7, 8, 10, 11, 12, 13, 14, 710, 711, 712, 713, 714, 715]
[31, 32, 33, 34, 35]
[61, 62, 63, 64, 65, 66, 67, 68, 69, 70]
[6, 7, 8, 9, 10, 11]
[123, 124, 125, 126, 127, 128, 129, 130, 139, 140, 141, 142, 143]
[23, 24, 25, 26, 27]
[463, 464, 465, 466, 467, 468, 469, 470]
[33, 34, 35, 36, 37, 38, 39, 40, 41, 42, 43, 44, 45, 47, 48, 49, 50, 51, 52, 53, 54]
[37, 38, 39, 40]
[50, 51, 52, 53, 54, 55, 68, 69, 70, 71, 72, 73, 74, 75, 173, 174, 175, 176, 177, 178, 236, 237, 238, 239, 240, 241, 242]
[0, 1, 2, 3, 4, 6, 7, 8, 10, 11, 12, 13, 14, 15, 16, 17, 18]
[140, 141, 142, 143, 173, 174, 175, 176, 178, 179, 180, 181, 182, 183, 184, 185, 187, 188, 189, 190, 191]
[318, 319, 320, 321, 322, 323, 396, 397, 398, 399, 400, 401, 402, 403, 404, 409, 410, 411, 412, 413, 414, 415, 416, 417, 418]
[359, 360, 361, 362, 363, 364, 365, 366]
[18, 19, 20, 21]
[284, 285, 286, 287, 288, 289, 290, 291]
[195, 196, 197, 198, 199, 200, 201, 202, 203, 212, 213, 214, 215, 216, 217, 218, 219, 220, 221]
[]
[58, 59, 60, 61, 62, 63, 64, 65, 66, 104, 105]
[98, 99, 100, 101, 102]
[17, 18, 19, 20, 21, 22, 23, 24, 25, 26, 53, 54, 55, 56, 57]
[13, 14, 15, 16, 17, 18, 19]
[9, 10, 11, 12, 263, 264, 265]
[87, 88, 89, 90, 91, 92, 235, 236, 237, 238, 239, 240]
[23, 24, 25, 26]
[218, 219, 220, 221, 223, 224, 225, 226]
[21, 22, 23, 24, 25, 26, 27, 28, 29]
[32, 33, 34, 35, 36, 37]
[0, 1, 2, 3, 33, 34, 62, 63, 64, 65, 66]
[77, 78, 79, 80, 81]
[0, 1, 2, 3, 4, 5]
[49, 50, 51, 52, 53, 54, 288, 289, 290, 291, 292, 293, 294, 295, 296, 297, 298]
[11, 12, 13, 14, 15, 16]
[26, 27, 28, 29, 30, 31, 154, 155, 156, 157, 158, 159, 160, 161]
[18, 19, 20, 21, 22, 23, 24, 25, 26, 180, 181, 182, 183, 184, 185, 186, 187, 188]
[]
[368, 369, 370, 371, 390, 391, 392, 393, 394, 395, 490, 491, 492, 493, 494, 495]
[55, 56, 57, 58, 59, 60, 61, 62, 205, 206, 207, 208, 209, 210, 211, 212]
[13, 14, 15, 16]
[84, 89, 90, 91, 92, 93, 94]
[141, 142, 143, 144, 156, 157, 158, 159, 160]
[62, 63, 64, 65, 66, 67, 68, 69, 70, 71]
[103, 104, 105, 106, 107, 108]
[20, 21, 22, 23, 24, 25, 26, 27, 35, 36, 37, 38, 39, 40, 41]
[]
[121, 122, 123, 124, 125, 126, 127, 128, 129, 130, 131]
[172, 173, 174, 175, 176, 177, 178, 179]
[119, 120, 121, 122, 336, 337, 338, 339, 420, 421, 422, 423, 429]
[663, 664, 665, 666, 667, 668, 906, 907, 908, 909, 910, 911]
[5, 6, 7, 8, 9, 10, 11, 12]
[12, 13, 14, 15]
[152, 153, 154, 155, 156, 157]
[]
[64, 65, 66, 67, 68, 69]
[115, 116, 117, 118, 133, 134, 135, 136, 137]
[29, 30, 31, 32, 33, 34, 35]
[19, 20, 21, 22, 23]
[57, 58, 59, 60, 61]
[41, 42, 43, 44, 45]
[26, 27, 28, 29, 30, 31, 32, 33]
[451, 452, 453, 454, 579, 580, 581, 582, 583, 584, 585, 586, 587, 588, 657, 658, 659, 660]
[18, 19, 20, 21, 22]
[18, 19, 20, 21, 22]
[218, 219, 220, 221, 222, 223]
[140, 141, 142, 143, 144, 147, 148, 149, 150, 151, 152, 153, 154, 155]
[21, 22, 23, 24, 25, 26, 27, 40, 41, 42, 43, 44, 45, 46]
[7, 8, 9, 10]
[71, 72, 73, 74, 75, 76]
[145, 146, 147, 148, 149, 150]
[663, 664, 665, 666]
[238, 239, 240, 241, 242, 243]
[53, 54, 55, 56, 57, 58, 59, 60, 61]
[]
[5, 6, 7, 8, 9, 10, 11, 12, 13]
[336, 337, 338, 339, 340, 341]
[]
[234, 235, 236, 237, 238, 239, 240, 243, 244, 245, 246, 247, 248]
[71, 72, 73, 74, 75, 76, 84, 85, 86, 87, 88, 89, 90, 91, 92]
[81, 82, 83]
[26, 27, 28, 29, 30, 31, 32, 33, 34, 35, 36, 37, 213, 214, 215, 216, 217, 218]
[11, 12, 13, 14, 15, 16, 17, 25, 26, 27, 28]
[20, 21, 22, 23, 24, 25, 26]
[29, 30, 31, 32, 33, 34, 35, 36]
[20, 21, 22, 23, 24, 25, 26, 27, 113, 114, 115, 116, 117, 118]
[]
[12, 13, 14, 15, 16, 17, 18, 19, 20, 220, 221, 222, 223, 224]
[79, 80, 81, 82]
[70, 71, 72, 73, 74, 75, 140, 141, 142, 143, 144, 145, 147, 148, 149, 150]
[203, 204, 205, 206]
[7, 8, 9, 10, 11, 12]
[35, 36, 37, 38, 39, 40]
[77, 78, 79, 80, 81, 82, 83, 84, 85, 212, 213, 214, 215, 216, 217, 218]
[163, 164, 165, 166, 167]
[169, 170, 171, 172, 173]
[13, 14, 15, 16, 17, 39, 40, 41, 42, 43, 44, 45]
[14, 15, 16, 17, 18, 19]
[7, 8, 9, 10, 11, 12, 13, 14]
[90, 91, 92, 93, 94, 95]
[43, 44, 45, 46, 47, 48, 49, 95, 96, 97, 98, 99, 100, 101, 102, 103, 245, 246, 247, 248]
[15, 16, 17, 18, 19, 20, 33, 34, 35, 36, 37, 38, 445, 446, 447, 448, 449, 450, 451, 452, 453, 467, 468, 469, 470, 471, 472, 473, 474, 475, 486, 487, 488, 489]
[506, 507, 508, 509]
[66, 67, 68, 69, 70, 71, 72, 73, 74, 314, 315, 316, 317, 318, 319, 320, 321]
[13, 14, 15, 16, 17, 18, 64, 65, 66, 67, 68, 69, 70]
[]
[31, 32, 33, 34, 35]
[0, 1, 2, 3, 4, 5, 6, 7]
[]
[308, 309, 310, 311, 312]
[53]
[36, 37, 38, 39, 40, 41, 42, 98, 99, 100, 101, 102]
[34, 35, 36, 37, 38, 39, 40]
[71, 72, 73, 74]
[33, 34, 35, 36]
[7, 8, 9, 10, 182, 183, 184, 185, 225, 226, 227, 228, 229, 230, 231]
[270, 271, 272, 273, 274, 275, 276, 277, 634, 635, 636, 637, 638, 639]
[75, 76, 77, 78, 79]
[26, 27, 28, 29, 30, 31, 32, 34, 35, 36, 37, 38]
[7, 8, 9, 10, 11, 12, 13]
[11, 12, 13, 14, 15, 16, 17]
[4, 5, 6, 7, 8]
[12, 13, 14, 15]
[167, 168, 169, 170, 171, 172, 186, 187, 188, 189, 190]
[10, 11, 12, 13, 14, 15, 16, 17, 18, 19]
[2, 3, 4, 5, 6, 7, 8, 9, 10, 11]
[44, 45, 46, 47, 48, 49]
[36, 37, 38, 39, 76, 77, 78, 79, 80, 81, 82]
[21, 22, 23]
[]
[35, 36, 37, 38, 416, 417, 418, 419]
[202, 203, 204, 205, 206, 207]
[26, 27, 28, 29, 30, 31, 32, 153, 154, 155, 156, 157]
[21, 22, 23, 24, 25, 26, 27, 28, 65, 66, 67, 68, 69]
[406, 407, 408, 409, 410, 411, 722, 723, 724, 725, 726]
[73, 74, 75, 76, 77, 78]
[19, 20, 21]
[28, 29, 30, 31, 32, 33]
[120, 121, 122, 123, 124, 125]
[13, 14, 15, 16, 17, 18, 19, 20, 21, 22]
[63, 64, 65, 66, 79, 80, 81, 82, 83, 84, 85]
[47, 48, 49, 50, 51, 52, 174, 175, 176, 177, 178, 179, 180, 181]
[19, 20, 21, 22]
[]
[]
[0, 1, 2, 3, 4, 5, 6, 7, 8, 9, 10]
[35, 36, 37, 38, 39, 40, 41, 42, 43, 44, 52, 53, 54, 55, 56, 57, 58, 59, 60, 61]
[29, 30, 31, 32, 33, 34, 35, 71, 72, 73, 74, 75, 76, 77, 78, 79, 80, 81]
[29, 30, 31, 32, 33, 34, 35, 36, 37, 38]
[0, 1, 2, 3]
[17, 18, 19, 20, 21, 22, 23, 24, 25, 126, 127, 128, 129, 130, 133, 134, 135, 136, 137, 138, 139, 177, 441, 442, 443, 444]
[27, 28, 29, 30, 31]
[8, 9, 10, 11]
[245, 246, 247, 248]
[161, 162, 163, 164, 165, 166, 167]
[22, 23, 24, 25, 26, 27, 28, 29, 30, 113, 114, 115, 116]
[558, 559, 560, 561, 761, 762, 763, 764]
[19, 20, 21, 22, 23, 24, 25, 34, 35, 36, 37, 38, 39, 40]
[43, 44, 45, 46]
[77, 78, 79, 80, 81, 82, 83, 84, 85]
[61, 62, 63, 64]
[18, 19, 20, 21, 22, 279, 280, 281, 282, 283]
[9, 10, 11, 12, 13]
[26, 27, 28, 29, 30]
[13, 14, 15, 16, 17, 18, 19, 81, 82, 83, 84, 85, 86, 87, 88]
[13, 14, 15, 16, 17, 18, 19, 20]
[3, 4, 5, 6]
[72, 73, 74, 75, 147, 148, 149, 150, 151, 152]
[97, 98, 99, 100, 101, 102, 119, 120, 121, 122, 123, 124, 131, 132, 133, 134, 135, 136, 137, 138, 139]
[48, 49, 50, 51, 52, 53, 54, 175, 176, 177, 178, 179, 180, 181, 182, 183, 184]
[8, 9, 10, 11, 12, 13]
[0, 1, 2, 3, 4, 5, 6]
[5, 6, 7, 8, 9]
[21, 22, 23, 24, 25, 26, 27, 28, 74, 75, 76, 77, 78, 79, 80, 81]
[]
[70, 71, 72, 73]
[6, 7, 8, 9, 10, 11, 12, 94, 95, 96, 97]
[82, 83, 84, 85, 86, 87, 122, 123, 124, 125]
[288, 289, 290, 291, 297, 298, 299, 300, 301, 302, 303, 304, 305, 306, 315, 316, 317, 318, 319, 469, 470, 471, 472, 568, 569, 570, 571, 719, 966, 967, 968, 969, 970, 971]
[31, 32, 33, 34, 40, 41, 42, 43, 44]
[99, 100, 101, 102, 103]
[20, 21, 22, 23, 24, 25, 26]
[0, 1, 2, 3, 4, 5]
[8, 9, 10, 11]
[155, 156, 157, 158, 159, 160, 161, 162]
[17, 18, 19, 20, 49, 50, 51, 52]
[102, 103, 104, 105, 106, 107, 108, 109, 110, 156]
[25, 26, 27, 28, 29, 30, 62, 63, 64, 65, 66, 67]
[19, 20, 21, 22, 23]
[271, 272, 273, 274, 275]
[]
[55, 56, 57, 58, 59, 60]
[385, 386, 387, 388, 389]
[27, 28, 29, 30, 31, 32, 33, 65, 66, 67, 68, 93, 94, 95, 96, 97, 98, 101, 102, 103, 104, 105, 106, 107, 108, 109, 110, 113, 114, 115, 116, 117, 118, 119]
[331, 332, 333, 334, 335, 336, 337, 338]
[18, 19, 20, 21]
[125, 126, 127, 128, 129, 130, 131, 132, 135, 136, 137, 138, 139, 140, 141, 142, 149, 150, 151, 152, 153, 154, 155]
[133, 134, 135, 136, 137]
[23, 24, 25, 26, 27, 52, 53, 54, 55, 56, 57, 58, 59]
[92, 93, 94]
[22, 23, 24, 25, 26, 90, 91, 92, 93, 94, 95, 96, 97, 98, 136, 137, 138, 139, 140, 141, 142, 143, 144, 145]
[28, 29, 30, 31, 32, 33]
[48, 49, 50, 51, 52, 53]
[64, 65, 66, 67, 124, 125, 126, 127]
[30, 31, 32, 33, 34, 35, 36, 263, 264, 265, 266, 267, 268, 269, 271, 272, 273, 274, 275]
[28, 29, 30, 31, 32, 33, 34]
[]
[]
[75, 76, 77, 78, 79, 80, 81, 82, 83, 94, 95, 96, 97, 98, 99, 100, 101, 102, 103, 104]
[4, 5, 6, 7, 8, 9, 10, 11, 83, 84, 85, 86, 87, 88, 89, 90, 140, 141, 142, 143, 144, 145, 179, 180, 181, 182, 183, 184, 185]
[93, 104, 105, 106, 107]
[14, 15, 16, 17, 18, 19, 46, 47, 48, 49, 50, 82, 83, 84, 85, 86, 87, 216, 217, 218, 219, 220, 221, 433, 434, 435, 436, 437, 438, 439, 440]
[25, 26, 27, 28]
[]
[552, 553, 554]
[75, 76, 77, 78, 79, 80, 81, 83, 84, 85, 86, 87, 88, 89, 90, 91]
[5, 6, 7, 8, 240, 241, 242, 243, 244]
[6, 7, 8, 9, 10, 11]
[59, 60, 61, 62, 65, 66, 67, 68, 69, 72, 73, 74, 75, 76, 77, 78, 79, 80, 83, 84, 85, 86, 87, 88, 89, 90, 91, 94, 95, 96, 97, 98, 99, 100, 101, 102, 103, 154, 155, 156, 157, 158, 159]
[17, 18, 19, 20, 21]
[5, 6, 7, 8, 9, 10, 11, 12, 13]
[9, 10, 11, 12, 13, 14, 24, 25, 26, 27, 28, 29, 30, 31, 32]
[268, 269, 270, 271, 272, 273, 274]
[43, 44, 45, 46, 47, 48]
[13, 14, 15, 16, 17, 18, 19, 20, 21, 23, 24, 25, 26, 27, 28, 211, 212, 213, 214, 215, 216]
[64, 65, 66, 67, 68, 69, 72, 73, 74, 75, 76, 77]
[12, 13, 14, 15, 16, 17, 18, 19, 20, 21]
[295, 296, 297, 298, 299, 300]
[21, 22, 23, 24, 25, 26, 27, 28]
[]
[181, 182, 183, 184, 185]
[151, 152, 153, 154, 155, 156, 157, 716, 717, 718, 719]
[621, 622, 623, 624, 625, 626, 627, 628, 629, 630, 680, 681, 682, 683, 684, 685, 686, 687, 688, 689]
[58, 59, 60, 61]
[58, 59, 60, 61, 62, 63, 345, 346, 347, 348, 349]
[421, 422, 423, 424, 425, 426, 427, 428]
[27, 28, 29, 30, 31, 32, 33, 34]
[38, 39, 40, 41, 42, 43, 44, 45, 46]
[30, 31, 32, 33]
[4, 5, 6, 7, 8, 9, 10, 36, 37, 38, 39, 40]
[30, 31, 32, 33, 34]
[15, 16, 17, 18, 56, 57, 58, 59, 60]
[14, 15, 16, 17, 18, 69, 70, 71, 72]
[99, 100, 101, 102, 103, 104]
[13, 14, 15, 16, 17]
[38, 39, 40, 41, 42, 43]
[25, 26, 27, 28]
[82, 83, 84, 85, 86, 87]
[15, 16, 17, 18, 19, 20, 42, 43, 44, 45, 46, 47]
[0, 1, 2, 3, 4, 5]
[49, 50, 51, 52, 53, 54, 110, 111, 112, 113, 114, 115, 116, 117]
[10, 11, 12, 13, 14, 15, 16, 17, 18]
[141, 142, 143, 144, 145, 146, 147, 148, 150, 151, 152, 153, 154, 155, 156, 157, 158, 159]
[0, 1, 2, 3, 55, 56, 57, 58, 59, 60, 134, 135, 136, 137, 138, 139]
[61, 62, 63, 64, 65, 66]
[43, 44, 45, 46, 47, 48, 49]
[36, 37, 38, 39, 40, 41]
[49, 50, 51, 52, 53, 54]
[133, 134, 135, 136, 137, 138, 139]
[]
[]
[]
[66, 67, 68, 69, 70, 71]
[42, 43, 44, 45, 46, 47, 48, 49, 50, 51]
[93, 94, 95, 96]
[11, 12, 13, 14, 15, 16, 17, 18, 19, 29, 30, 31, 32, 33, 34, 35, 149, 150, 151, 152, 153]
[12, 13, 14, 15, 404, 405, 406, 407, 408, 409, 410, 411, 508, 509, 510]
[14, 15, 16, 17, 18]
[10, 11, 12, 13, 14, 15, 16, 17, 18, 19, 20, 21, 116, 118, 119]
[33, 34, 35, 36, 37, 38, 266, 267, 268, 269, 270, 271, 272]
[39, 40, 41, 42, 43, 44, 45]
[10, 11, 12, 13, 22, 23, 24, 25, 26, 27, 28, 29, 141, 142, 143, 144, 145, 146, 147, 148, 149, 150, 151, 152, 153, 154, 155, 156]
[38, 39, 40, 41, 42, 43, 389, 390, 391, 392, 393, 394, 395, 396, 397]
[132, 133, 134, 135, 136, 137]
[16, 17, 18, 19, 22, 23, 24, 25]
[186, 187, 188, 189]
[]
[63, 64, 65, 66, 67]
[108, 109, 110, 111, 145, 146, 147, 148, 149, 418, 419, 420, 421, 422, 423, 424, 425, 426, 427, 550, 551, 552, 553, 554, 555, 556]
[34, 35, 36, 37, 38, 39, 40]
[19, 20, 21, 22, 23, 24]
[69, 70, 71, 72]
[21, 22, 23, 24, 25, 26, 27, 108, 109, 110, 111, 112, 113, 114, 115, 150, 151, 152, 153, 154, 155, 156, 157, 158]
[]
[528, 529, 530, 531, 532, 533, 587, 588, 589, 590]
[6, 7, 8, 9, 10, 11]
[52, 53, 54, 55, 56, 57, 58]
[55, 56, 57, 58, 59, 60]
[11, 12, 13, 14, 15, 16]
[13, 14, 15, 16, 17]
[221, 222, 223, 224, 225, 226, 227, 228]
[11, 12, 13, 14, 15]
[85, 86, 87, 88, 89, 90]
[13, 14, 15, 16]
[0, 1, 2, 3, 4, 5]
[67, 68, 69, 70, 71, 72, 79, 80, 81]
[35, 36, 37, 38, 39, 40, 41]
[30, 31, 32, 33, 34, 35, 53, 54, 55, 56, 57, 58, 59]
[8, 9, 10, 11, 12, 13, 17, 18, 19, 20, 21, 22]
[114, 115, 116, 117, 118, 119]
[53, 54, 55, 56, 57, 58]
[20, 21, 22, 23, 24, 25]
[235, 236, 237, 238, 239, 240]
[242, 243, 244, 245, 246, 247, 248, 249, 250]
[10, 11, 12, 13]
[65, 66, 67, 68, 69]
[71, 72, 73, 74]
[4, 5, 6, 7, 8, 9]
[13, 14, 15, 16, 17, 18]
[376, 377, 378, 379, 380, 381, 382, 383, 384]
[174, 175, 176, 177]
[28, 29, 30, 31, 32, 33, 34, 35, 36]
[48, 49, 50, 51, 52, 53]
[40, 41, 42, 43, 44, 158, 159, 160, 161, 162, 163, 214, 215, 216, 217, 218, 219, 220, 221, 509, 510, 511, 512, 513, 514]
[0, 1, 2, 3, 4, 5, 6, 7]
[102, 103, 104, 105, 106, 107, 108, 128, 129, 130, 131]
[20, 21, 22, 23, 24, 25, 26, 27, 28, 361, 362, 363, 364, 365, 366, 367, 368, 369]
[38, 39, 40, 41, 42, 43, 79, 80, 81, 82, 83, 84, 85, 86, 87, 88, 89]
[120, 121, 122, 123, 124]
[18, 19, 20, 21, 22, 23]
[0, 1, 2, 3, 4, 5, 6, 45, 46, 47, 48, 49, 51, 52, 53, 54, 55, 56, 57, 58]
[26, 93, 94, 95, 96, 97, 98, 99, 100, 101]
[9, 10, 11, 12, 13, 14, 15]
[19, 20, 21, 22, 23, 24, 25, 26, 100, 101, 102, 103, 104, 106, 107, 108]
[6, 7, 8, 9, 10, 11]
[173, 174, 175, 176, 177, 178, 179, 180, 352, 353, 354, 355, 356, 357, 358]
[73, 74, 75, 76, 77, 132, 133, 134, 135, 136, 137, 138, 141, 142, 143, 144, 145, 146, 149, 150, 151, 152, 153, 154, 155, 156, 157, 158, 159, 160]
[197, 198, 199, 200, 201, 202, 203, 204]
[280, 281, 282, 283]
[164, 165, 166, 167, 168, 169, 170, 171, 172, 173, 174, 175, 176, 177]
[132, 133, 134, 135]
[39, 40, 41, 42, 43, 44, 45, 46, 47, 48]
[6, 7, 8, 9, 10, 11, 12, 13, 84, 85, 86, 87, 88]
[37, 38, 39, 40, 41, 42, 43, 44, 45]
[16, 17, 18, 19, 20, 21, 22, 23]
[21, 22, 23, 24, 223, 224, 225, 226]
[7, 8, 9, 10, 11, 12]
[]
[373, 374, 375, 376, 377, 378]
[73, 74, 75, 76, 77, 78]
[16, 17, 18, 19, 20, 73, 74, 75, 76]
[]
[41, 42, 43, 44, 45, 46, 47, 48, 50, 51, 52, 53, 54]
[20, 21, 22, 23, 24]
[180, 181, 182, 183, 184]
[10, 11, 12, 13]
[]
[139, 140, 141, 142, 143, 144, 333, 334, 335, 336, 337]
[109, 110, 111, 112, 164, 165, 166, 167, 215, 216, 217, 218, 219, 220, 221, 222, 243, 244, 245, 246, 247, 248]
[]
[495, 496, 497, 498, 499, 500, 501, 502, 703, 704, 705, 706, 707, 782, 783, 784, 785, 786, 787, 862, 863, 864, 865, 866, 867, 868, 869, 870, 871]
[19, 20, 21, 22, 23, 24, 25, 26, 77, 78, 79, 80, 81]
[88, 89, 90, 91, 92]
[25, 26, 27, 28]
[11, 12, 13, 14, 61, 62, 63, 64, 65, 66, 67, 68, 125, 126, 127, 128, 129, 130, 131, 132, 133, 134, 135]
[0, 1, 2, 3, 4]
[219, 220, 221, 222, 223, 224, 225]
[]
[59, 60, 61, 62, 63, 64, 65, 66, 67, 68, 69, 70, 71, 72, 73, 74, 75]
[]
[20, 21, 22, 23, 83, 84, 85, 86, 87, 88, 89, 90, 91]
[16, 17, 18, 19, 35, 36, 37, 38]
[658, 659, 660, 661, 662, 663]
[]
[34, 35, 36, 37, 38, 39, 40, 41, 42]
[20, 21, 22, 23, 24, 25]
[17, 18, 19, 20, 21, 22]
[42, 43, 44, 45, 46, 47, 48]
[31, 32, 33, 34, 35, 36]
[26, 27, 28, 29, 30]
[57, 58, 59, 60, 61, 62]
[60, 61, 62, 63, 64, 65, 66]
[218, 219, 220]
[]
[41, 42, 43, 44, 45, 46, 47, 48]
[74, 75, 76, 77, 78, 79]
[10, 11, 12, 13, 49, 50, 51]
[0, 1, 2, 3, 4, 104, 105, 106, 107]
[28, 29, 30, 31, 32, 33, 49, 50, 51, 52]
[61, 62, 63, 64, 65]
[257, 258, 259, 260, 272, 273, 274]
[87, 88, 89, 90, 91, 188, 189, 190, 191, 192]
[87, 88, 89, 90, 91, 92]
[40, 41, 42, 43, 44, 45]
[29, 30, 31, 32, 33, 34, 35, 36, 37, 38, 39, 40, 41, 42, 43, 44]
[32, 33, 34, 35, 36, 37]
[35, 36, 37, 38, 39, 40, 375, 376, 377, 378, 379, 380]
[25, 26, 27, 28, 29, 30, 31, 32, 33]
[50, 51, 52, 53, 54, 55, 56, 57, 58]
[0, 1, 2, 3, 4, 5]
[]
[7, 8, 9, 10, 11, 12]
[76, 77, 78, 79, 80, 81, 82, 83, 84, 85]
[168, 169, 170, 171, 172, 173]
[42, 43, 44, 45, 46, 47]
[39, 40, 41, 42, 43, 44, 45, 46, 47, 48, 49]
[]
[185, 186, 187, 188, 189, 190, 191, 192, 193, 194]
[]
[126, 127, 128, 129, 130, 131, 132]
[28, 29, 30, 31, 32, 50, 51, 52, 53, 54, 55, 157, 158, 159, 160, 161, 162]
[0, 1, 2, 3, 4]
[28, 29, 30]
[61, 62, 63, 64]
[53, 54, 55, 56, 57, 58, 59, 249, 250, 251, 252, 253, 254, 255, 256, 257, 258]
[91, 92, 93, 94, 95]
[132, 133, 134, 135, 231, 232, 233, 234, 235, 236]
[42, 43, 44, 45, 46, 47, 48, 49, 50]
[13, 14, 15, 16, 17, 18, 19, 20, 21]
[]
[35, 36, 37, 38, 39, 40]
[34, 35, 36, 37, 42, 43, 44, 45, 46, 47, 48, 49, 50, 174, 175, 176, 177, 178, 179]
[15, 16, 17, 18, 19, 144, 145, 146, 147, 222, 223, 224, 225, 330, 331, 332, 333]
[156, 157, 158, 159, 160, 161, 162]
[102, 103, 104, 105]
[23, 24, 25, 26, 27]
[19, 20, 21, 22]
[]
[16, 17, 18, 19]
[21, 22, 23, 24, 25]
[]
[12, 13, 14, 15, 16]
[53, 54, 55, 56, 57, 58, 106, 107, 108, 109, 110]
[39, 40, 41, 42, 43, 44, 45, 46, 47]
[847, 848, 849, 850]
[16, 17, 18, 19, 20, 21, 22, 23, 24, 25, 26, 115, 116, 117, 118, 119, 120, 653, 654, 655, 656, 657, 658]
[]
[]
[16, 17, 18, 19, 20, 21]
[38, 39, 40, 41, 42]
[641, 642, 643, 644, 645, 646]
[695, 696, 697, 698, 699, 700, 701, 702, 703]
[101, 102, 103, 104, 105, 106, 312, 313, 314, 315, 316, 317]
[70, 71, 72, 73, 74, 75, 76, 77, 78]
[70, 71, 72, 73, 74, 75, 76]
[28, 29, 30, 31, 32, 33, 34, 35, 36, 38, 39, 40]
[68, 69, 70, 71, 72, 73, 74, 75, 76, 140, 141, 142, 143, 144, 145, 146, 147, 148, 163, 164, 165, 166, 167, 168, 215, 216, 217, 218, 219]
[168, 169, 170, 171, 172, 173, 174, 175, 176, 177, 187, 188, 189, 190, 191, 226, 227, 228, 229, 230, 231]
[25, 26, 27, 28, 29, 30, 31, 32, 33]
[5, 6, 7, 8, 9, 10, 11, 12]
[14, 15, 16, 17, 18, 41, 42, 43, 44, 45, 46, 47, 48, 49]
[387, 388, 389, 390, 391]
[]
[107, 108, 109, 110, 111]
[108, 109, 110, 111, 112, 113, 114, 157, 158, 159, 160, 161, 162, 163, 164, 165, 166]
[582, 583, 584, 585]
[33, 34, 35, 36, 37, 38]
[4, 5, 6, 7, 8, 9]
[155, 156, 157, 158, 430, 431, 432, 433, 760, 761, 762, 763, 764]
[169, 170, 171, 172, 173, 174]
[13, 14, 15, 16, 42, 43, 44, 45]
[]
[5, 6, 7, 8, 9, 18, 19, 20, 21, 22, 23, 24]
[101, 102, 103, 104, 105, 106, 107]
[180, 181, 182, 183, 184, 185]
[95, 96, 97, 98, 99, 100]
[34, 35, 36, 37, 38, 39, 40, 41, 42]
[161, 162, 163, 164, 165, 166, 167, 168]
[]
[38, 39, 40, 41, 42]
[58, 59, 60, 61, 62, 63, 136, 137, 138, 139, 140, 141]
[235, 236, 237, 238, 239, 366, 367, 368, 369, 370, 371, 372, 373, 374, 375, 376, 377]
[22, 23, 24, 25, 26]
[18, 19, 20, 21, 22, 23, 25, 26, 27, 28, 29]
[13, 14, 15, 16, 17, 18, 19, 20]
[]
[58, 59, 60, 61, 62]
[]
[0, 1, 2, 3, 24, 25, 26, 27]
[9, 10, 11, 12]
[18, 19, 20, 21, 22, 23, 24, 25, 26, 596, 597, 598, 599, 600, 601, 602]
[0, 1, 2, 3, 230, 231, 232, 233, 234, 235, 236]
[24, 25, 26, 27, 28, 29, 30, 31]
[8, 9, 10, 11, 12, 13, 14, 15, 17, 18, 19, 20, 26, 27, 28, 29, 30]
[4, 5, 6, 7, 8, 9, 10, 11, 12, 26, 27, 28, 29, 30, 31, 32, 33, 391, 392, 393, 394, 395, 396, 397, 398]
[]
[60, 61, 62, 63, 64, 65, 67, 68, 69, 70]
[5, 6, 7]
[250, 251, 252, 253, 264, 265, 266, 267, 268, 269]
[49, 50, 51, 52, 53]
[20, 21, 22, 23, 24, 25, 26, 27, 230, 231, 232, 233, 234, 235, 236, 237, 238]
[71, 72, 73]
[78, 79, 80, 81, 82, 83]
[31, 32, 33, 34, 35, 208, 209, 210, 211, 212, 213]
[4, 5, 6, 7, 8, 148, 149, 150, 151, 152, 153, 154]
[124, 125, 126, 127, 128, 129]
[29, 30, 31, 32, 33, 34, 35, 36]
[20, 21, 22, 23, 24, 25, 26]
[751, 752, 753, 754, 755, 756, 757, 866, 867, 868, 869, 870, 871, 872, 873, 874, 875, 876, 877, 878, 879, 880, 881, 882, 883, 884, 885]
[22, 23, 24, 25, 26, 27, 28, 29, 30, 31]
[287, 288, 289, 290, 291, 292, 716, 717, 718, 719, 720]
[7, 8, 9, 10, 11, 12, 124, 125, 126, 127, 173, 174, 175, 176]
[140, 141, 142, 143, 144, 145]
[95, 96, 97, 98, 99, 100, 149, 150, 151, 152, 153, 154]
[453, 454, 455, 456, 457]
[57, 58, 59, 60, 61, 62, 63, 111, 112, 113, 114, 115, 116]
[12, 13, 14, 15, 16, 17, 18, 19, 20, 75, 76, 77, 78, 79, 80, 81, 82, 83]
[42, 43, 44, 45]
[87, 88, 89, 90, 91, 92, 104, 105, 106, 107, 108, 109]
[0, 1, 2, 3, 4, 5, 6, 7, 8, 30, 31, 32, 33, 34, 35]
[28, 29, 30, 31, 32, 33, 34, 82, 83, 84, 85, 86, 87, 88, 95, 96, 97, 98, 99, 100, 101, 102]
[28, 29, 30, 31, 32, 33, 34, 35, 36, 37]
[92, 93, 94, 95, 96, 97, 98, 99, 121, 122, 123, 124, 125, 126, 127, 128]
[54, 55, 56, 57]
[120, 121, 122, 123]
[24, 25, 26, 27]
[15, 16, 17, 18, 19, 20, 21, 22, 23]
[32, 33, 34, 35, 36, 37, 38, 626, 627, 628, 629, 630, 894, 895, 896, 897, 950, 951, 952, 953, 954, 955, 956, 957, 958]
[176, 177, 178, 179, 180, 181, 182, 183, 188, 189, 190, 191, 192]
[135, 136, 137, 138, 139, 140, 141, 142, 143, 144, 145, 146]
[18, 19, 20, 21, 22, 23, 24, 25]
[15, 16, 17, 18, 69, 70, 71, 72, 73, 74]
[96, 97, 98, 99, 100, 101, 102, 103, 104, 105, 106, 108, 109, 110, 111, 112, 113, 114, 115, 116]
[10, 11, 12, 13, 14, 15]
[30, 31, 32, 33, 34, 82, 83, 84, 85]
[233, 234, 235, 236, 237, 238, 239, 240, 241, 321, 322, 323, 324, 325, 326]
[]
[]
[984, 985, 986, 987, 988, 989]
[53, 54, 55, 56]
[0, 1, 2, 3, 4, 5]
[107, 108, 109, 110, 111, 112]
[63, 64, 65, 66, 67]
[206, 207, 208, 209, 210, 211, 212, 213, 214]
[28, 29, 30, 31, 34, 35, 36, 37, 38, 39, 40, 41, 42, 43]
[28, 29, 30, 31, 32, 33, 34, 35]
[64, 65, 66, 67, 68, 69, 70]
[10, 11, 12, 13, 14, 20, 21, 22, 23, 24, 25, 26, 27, 29, 30, 31, 32, 33]
[164, 165, 166, 167, 168, 169, 170, 171]
[45, 46, 47, 48, 49, 50]
[35, 36, 37, 38, 39, 535, 536, 537, 538, 539, 638, 639, 640, 641, 642, 973, 974, 975, 976, 977, 978, 979]
[21, 22, 23, 24, 25, 26, 27, 28, 53, 54, 55, 56, 57, 58, 85, 86, 87, 88, 89, 90, 91, 92, 93, 94]
[19, 20, 21, 22, 23]
[4, 5, 6, 7]
[13, 14, 15, 16, 17, 18, 63, 64, 65, 66, 67, 68]
[166, 167, 168, 169, 170, 171]
[]
[]
[7, 8, 9, 10, 11, 12, 13, 62, 63, 64, 65, 66, 67, 68]
[18, 19, 20, 21, 22, 23]
[47, 48, 49, 50, 51, 67, 68, 69, 70, 71, 72]
[81, 82, 83, 84, 85]
[15, 16, 17, 18, 19, 20, 155, 156, 157, 158, 159, 160, 161]
[22, 23, 24, 25, 26, 27]
[]
[141, 142, 143, 144, 145, 146]
[16, 17, 18, 19, 21, 22, 23, 24, 25]
[11, 12, 13, 14, 15]
[19, 20, 21, 22, 23, 24]
[31, 32, 33, 34]
[47, 48, 49, 133, 134, 135, 136, 137]
[331, 332, 333, 334, 335, 336]
[]
[39, 40, 41, 42, 116, 117, 118, 119, 120, 121, 122, 123]
[94, 95, 96, 97, 98, 99, 101, 102, 103, 104, 105, 106, 107]
[7, 8, 9, 10, 11, 12, 13]
[367, 368, 369, 370]
[15, 16, 17, 18, 19, 20]
[12, 13, 14, 15, 16, 17]
[15, 16, 17, 18, 19, 20]
[34, 35, 36, 37, 38, 39, 40, 41, 42]
[61, 62, 63, 64, 65, 66, 67, 68, 74, 75, 76, 77, 78, 79, 155, 156, 157, 158, 159, 160]
[21, 22, 23, 24, 25, 26, 27, 28, 30, 31, 32, 33, 34, 35, 120, 121, 122, 123, 124, 125, 126, 127, 128, 129, 130]
[9, 10, 11, 12, 13]
[11, 12, 13, 14, 15]
[395, 396, 397, 398]
[78, 79, 80, 81]
[]
[49, 50, 51, 52, 53, 54, 55, 56, 164, 165, 166, 167, 168]
[88, 89, 90, 91, 92]
[87, 88, 89, 90, 91, 92]
[112, 113, 114, 115]
[13, 14, 15, 16, 17, 18, 119, 120, 121, 122, 123, 124]
[5, 6, 7, 8, 9]
[9, 10, 11, 12, 13]
[0, 1, 2, 3, 19, 20, 21, 22, 23, 24, 25, 53, 54, 55, 56, 57, 58, 59, 60, 61, 62, 63]
[]
[3, 4, 5, 6, 7]
[26, 27, 28, 29, 30]
[125, 126, 127, 128, 327, 328, 329]
[62, 63, 64, 65, 66, 130, 131, 132, 133, 134, 135, 237, 238, 239, 240, 241, 242, 243, 244, 245, 246, 247, 248, 249, 251, 252, 253, 254, 255, 256, 257, 258, 259, 260]
[26, 27, 28, 29, 30, 31, 32, 33, 34, 35, 100, 101, 102, 103, 104, 105, 106, 521, 522, 523, 524, 525, 526, 527]
[158, 159, 160, 161, 162, 163, 164]
[123, 124, 125, 126]
[27, 28, 29, 30, 43, 44, 45, 46]
[23, 24, 25, 26, 27, 28, 172, 173, 174, 175, 176, 177, 178, 286, 287, 288, 289, 290, 291]
[21, 22, 23, 24, 25, 26, 27, 58, 59, 60, 61, 62]
[27, 28, 29, 30, 68, 69, 70, 71, 72, 73, 74, 75, 76, 273, 274, 275, 276, 277, 278, 279]
[15, 16, 17, 18, 19, 20, 21, 22, 23, 43, 44, 45, 46, 47, 48]
[38, 39, 40, 41, 42]
[0, 1, 2]
[4, 5, 6, 7, 8, 9]
[121, 122, 123, 124, 125, 126]
[219, 220, 221, 222, 223]
[20, 21, 22, 23, 24, 25, 26, 27]
[81, 82, 83, 84, 85]
[]
[85, 86, 87, 88, 89, 90, 91, 92, 216, 217, 218, 219, 220]
[17, 18, 19, 20, 474, 475, 476, 477]
[83, 84, 85, 86, 87, 88, 89, 90]
[4, 5, 6, 7, 8, 9]
[6, 7, 8, 9, 10]
[251, 252, 253, 254, 255, 256, 257]
[39, 40, 41, 42, 43, 44]
[0, 1, 2, 3, 4]
[90, 91, 92, 93, 94]
[27, 28, 29, 30, 31, 32]
[572, 573, 574, 575, 576, 577]
[77, 78, 79, 80, 81, 82, 83, 84]
[74, 75, 76, 77, 78]
[16, 17, 18, 19, 20, 114, 115, 116, 117]
[38, 39, 40, 41, 100, 101, 102, 103, 104, 105, 106, 107, 110, 111, 112, 113, 114, 117, 118, 119, 120, 126, 127, 128, 129, 130, 131, 132, 133, 134, 216, 217, 218, 219]
[1, 2, 3, 4, 5, 6, 15, 16, 17, 18, 19, 20]
[14, 15, 16, 17, 19, 20, 21, 178, 179, 180, 181]
[28, 29, 30, 31, 32, 33, 67, 68, 69, 70]
[98, 99, 100, 101, 102, 103, 104, 105, 200, 201, 202, 203, 204, 205, 206, 231, 232, 233, 244, 245, 246, 247, 248, 249, 250, 267, 268, 269, 270, 271, 272, 273, 274, 275, 276, 277, 278]
[70, 71, 72, 73, 74, 75]
[182, 183, 184, 185, 186, 187, 188]
[44, 45, 46, 47, 48, 49, 50, 51, 52, 53, 54, 55, 128, 129, 130, 131, 132]
[87, 88, 89, 90, 91, 92]
[114, 115, 116, 117, 118, 119]
[463, 464, 465, 466]
[]
[]
[981, 982, 983, 984, 985, 986, 987, 988, 989, 992, 993, 994, 995, 996, 997, 998, 999]
[8, 9, 10, 11, 12, 31, 32, 33, 34, 35]
[19, 20, 21, 22, 23, 24, 25, 26]
[13, 14, 15, 16, 17, 18]
[116, 117, 118, 119]
[100, 101, 102, 103, 104, 105, 106, 119, 120, 121, 122, 123, 124, 125, 126, 127, 128, 129, 130, 131]
[20, 21, 22, 23, 24, 25, 26, 27, 28, 73, 74, 75, 76, 77, 78, 79, 80, 81]
[0, 1, 2, 3, 4, 5, 6, 7]
[55, 56, 57, 58, 59, 60, 87, 88, 89, 90, 348, 349, 350, 351, 352, 353]
[47, 48, 49, 50, 51, 52]
[9, 10, 11, 12, 13, 14, 15]
[292, 293, 294, 295, 296, 297]
[15, 16, 17, 18, 19]
[222, 223, 224, 225, 226, 227, 228]
[0, 1, 2, 3, 4, 5, 6, 7, 8]
[81, 82, 83, 84, 85, 86, 87, 88, 136, 137, 138, 139, 140, 141, 142, 143, 144]
[135, 136, 137, 138, 139]
[57, 58, 59, 60, 61, 62, 328, 329, 330, 331, 332, 333, 334, 335]
[17, 18, 19, 20, 21, 22, 23, 24, 25, 26, 27, 60, 61, 62, 63, 64, 83, 84, 85, 86, 87, 88, 89, 90]
[23, 24, 25, 26, 27]
[285, 286, 287, 288]
[8, 9, 10, 11, 12, 53, 54, 55, 56, 57, 58]
[17, 18, 19, 20, 35, 36, 37, 38, 39, 40, 62, 63, 64, 65, 66, 137, 138, 139, 140, 141, 142]
[7, 8, 9, 10]
[12, 13, 14, 15, 16, 17, 18, 126, 127, 128, 129, 130, 131, 132, 163, 164, 165, 166, 167, 168, 174, 175, 176, 177, 178, 179, 180, 181, 182, 243, 244, 245, 246, 247, 248, 249, 347, 348, 349, 350, 351, 371, 372, 373, 374, 375, 376, 377, 378]
[7, 8, 9, 10, 11, 12, 13, 14]
[31, 32, 33, 34, 35, 36, 37, 38, 288, 289, 290, 291, 292, 293]
[5, 6, 7, 8, 9, 10, 27, 28, 29, 30, 31, 32, 101, 102, 103, 104, 105, 106, 190, 191, 192, 193, 194, 195, 196, 197, 198]
[4, 5, 6, 7, 8, 9, 10, 16, 17, 18, 19, 20, 21, 22, 23]
[28, 29, 30, 31, 32, 64, 65, 66, 67, 68, 69]
[28, 29, 30, 31, 32, 33]
[69, 70, 71, 72, 89, 90, 91, 92, 93, 94]
[]
[16, 17, 18, 19, 20, 21, 33, 34, 35, 36, 37]
[82, 83, 84, 85, 86, 87, 88, 215, 216, 217, 218, 219, 220, 221, 457, 458, 459, 460, 461, 462, 463]
[42, 43, 44, 45, 46, 47]
[205, 206, 207, 208, 209, 210, 211, 212, 213, 214]
[17, 18, 19, 20, 21, 22, 23, 24, 25, 26, 27, 28, 29, 403, 404, 405, 406, 407, 408, 409, 410, 413, 414, 415, 416, 417, 418, 419, 420, 452, 453, 454, 455]
[28, 29, 30, 31, 32, 33, 34]
[]
[41, 42, 43, 44, 45, 46, 47, 48, 49]
[11, 12, 13, 14, 15, 16, 240, 241, 242, 243, 244, 245, 492, 493, 494, 495, 496, 497]
[105, 106, 107, 108, 109]
[7, 8, 9, 10, 11, 12, 13, 14, 15, 16, 27, 28, 29, 30, 31, 32]
[]
[100, 101, 102, 103, 104, 105, 106, 107, 110, 111, 112, 113, 114, 115, 116, 117]
[109, 110, 111, 112, 113, 114]
[5, 6, 7, 8, 9, 10]
[643, 644, 645, 646, 647, 648, 649, 663, 664, 665, 666, 667, 668, 669, 938, 939, 940, 941, 942, 943]
[21, 22, 23, 24, 25, 26, 27, 28, 29]
[152, 153, 154, 155]
[131, 132, 133, 134, 135, 165, 166, 167, 168, 169, 170, 171]
[54, 55, 56, 57, 58, 59, 165, 166, 167, 168, 169]
[6, 7, 8, 9, 10, 11, 12, 13, 14, 15]
[]
[94, 95, 96, 97, 98]
[31, 32, 33, 34, 35, 36]
[150, 151, 152, 153, 154]
[352, 353, 354, 355, 356, 357, 358, 359, 360]
[185, 186, 187, 188, 189, 190]
[9, 10, 11, 12, 14, 15, 16]
[89, 90, 91, 92, 93, 94, 95, 96, 97]
[22, 23, 24, 25, 26]
[29, 30, 31, 32, 33, 34, 35, 36, 37, 38, 39, 57, 58, 59, 60, 61, 154, 155, 156, 157, 158, 159]
[7, 8, 9, 10, 11, 12, 13, 14]
[32, 33, 34, 35, 36, 37, 38, 39, 40, 41, 42, 43, 44, 453, 454, 455, 456, 457, 458]
[4, 5, 6, 7, 8, 9, 10, 11, 12, 13, 49, 50, 51, 52, 53]
[21, 22, 23, 24, 25, 26, 27, 28, 29, 96, 97, 98, 99, 100, 101, 102, 103]
[8, 9, 10, 11, 12, 13, 14, 15]
[60, 61, 62, 63]
[0, 1, 2, 3, 29, 30, 31, 32, 33, 34, 129, 130, 131, 132, 133]
[19, 20, 21, 22, 23, 24, 25, 26, 27]
[4, 5, 6, 7, 8, 9, 11, 12, 13]
[11, 12, 13, 14, 45, 46, 47, 48, 102, 103, 104, 105, 106, 107, 129, 130, 131, 132, 133, 134, 135]
[11, 12, 13, 14, 15, 208, 209, 210, 211, 212, 213]
[28, 29, 30, 31]
[37, 38, 39, 40, 41, 42, 48, 49, 50, 51, 52, 53, 54]
[40, 41, 42, 43, 44]
[0, 1, 2, 3, 4, 5]
[147, 148, 149, 150, 151]
[20, 21, 22, 23, 26, 27, 28, 29, 30, 31, 32, 33, 34]
[26, 27, 28]
[4, 5, 6, 7, 8, 9, 10, 11]
[0, 1, 2, 3, 4, 5]
[8, 9, 10, 11, 88, 89, 90, 91]
[72, 73, 74, 75, 76]
[31, 32, 33, 34, 35]
[49, 50, 51, 52, 53, 54]
[121, 122, 123, 124, 125]
[76, 77, 78, 79, 80, 81, 82, 83, 84]
[178, 179, 180, 181, 182, 183, 184, 360, 361, 362, 363, 364, 365, 366, 367, 368]
[45, 46, 47, 48, 49, 50, 66, 67, 68, 69, 70, 71]
[28, 29, 30, 31, 32, 33, 39, 40, 41, 42, 43, 44, 45]
[117, 118, 119, 120, 121]
[14, 15, 16, 17, 18, 19, 20]
[157, 158, 159, 160, 161, 162, 163, 164]
[]
[]
[109, 110, 111, 112, 113, 114, 115]
[95, 96, 97, 98, 99]
[7, 8, 9, 10]
[139, 140, 141, 142, 143, 144, 145]
[0, 1, 2, 3, 4, 5]
[186, 187, 188, 189, 190]
[14, 15, 16, 17]
[47, 48, 49, 50, 51, 52, 53, 54]
[15, 16, 17, 18]
[269, 270, 271, 272, 273, 274]
[0, 1, 2, 3, 4, 5, 6, 7, 20, 21, 22, 23, 24, 25, 26, 60, 61, 62, 63, 64, 286, 287, 288, 289, 290, 291, 292]
[160, 161, 162, 163]
[]
[80, 81, 82, 83, 84, 85, 86, 87, 88]
[21, 22, 23, 24, 25, 26]
[0, 1, 2, 3, 4, 5, 6, 7, 8, 9, 10, 11, 12, 13, 14, 15]
[]
[152, 153, 154, 155, 156, 157]
[72, 73, 74, 75, 76, 77, 248, 249, 250, 251, 252, 253, 254, 442, 443, 444, 445, 446, 447, 636, 637, 638, 639, 640, 952, 953, 954, 955, 956, 957, 958]
[20, 21, 22, 23, 24, 25]
[145, 146, 147, 148, 149, 156, 157, 158, 159, 160, 161, 162, 163, 164, 165, 166, 167]
[49, 50, 51, 52, 53]
[]
[0, 1, 2, 3, 4, 5, 6]
[97, 98, 99, 100, 101]
[]
[41, 42, 43, 44, 45, 46]
[130, 131, 132, 133, 134, 135, 136, 137]
[]
[11, 12, 13, 14, 15, 35, 36, 37, 38, 39]
[443, 444, 445, 446, 447, 448, 449, 450, 545, 546, 547, 548, 549, 550]
[53, 54, 55, 56, 57, 58]
[492, 493, 494, 495, 496, 497, 498, 499, 505, 506, 507, 508, 509, 510, 511, 512, 513, 514, 515, 516]
[70, 71, 72, 73]
[]
[24, 25, 26, 27, 28, 29, 30]
[]
[41, 42, 43, 44, 45, 46, 47, 111, 112, 113, 114, 115, 116, 117, 118, 119]
[19, 20, 21, 22, 23, 24, 25, 26, 27, 28, 143, 144, 145, 146, 147, 148]
[8, 9, 10, 11]
[351, 352, 353, 354, 355, 356]
[205, 206, 207, 208, 209]
[161, 162, 163, 164, 165, 273, 274, 275, 276, 277]
[53, 54, 55, 56, 57, 58, 59, 151, 152, 153, 154, 155, 156]
[82, 83, 84, 85, 86, 87]
[12, 13, 14, 15, 16, 17]
[39, 40, 41, 42]
[27, 28, 29, 30, 105, 106, 107, 108, 109, 110, 111]
[68, 69, 70, 71, 72, 73, 74, 75]
[9, 10, 11, 12, 13, 49, 50, 51, 52, 53, 54, 55]
[4, 5, 6, 7, 8, 9, 10, 11, 199, 200, 201, 202, 203, 204, 205, 206, 375, 376, 377, 378, 379, 380, 381, 382, 383, 384]
[15, 16, 17, 18, 19]
[0, 1, 2, 3, 4, 5, 34, 35, 36, 37, 38, 39, 40, 41]
[]
[100, 101, 102, 103, 104, 105]
[238, 239, 240, 241, 242, 243, 271, 272, 273, 274, 359, 360, 361, 362, 363, 364, 365, 366, 367]
[19, 20, 21, 22, 23, 24]
[233, 234, 235, 236, 237, 238]
[91, 92, 93, 94, 95, 572, 573, 574, 575, 576, 577, 578, 951, 952, 953, 954, 955]
[81, 82, 83, 84, 85, 86]
[30, 31, 32, 33]
[61, 62, 63, 64, 65, 66, 93, 94, 95, 96, 97, 98, 342, 343, 344, 345]
[0, 1, 2, 3]
[84, 85, 86, 87, 88, 89, 90, 91, 92, 93, 94, 96, 97, 98, 99, 100, 101, 102]
[]
[62, 63, 64, 65]
[18, 19, 20, 21, 22]
[20, 21, 22, 23, 24, 25]
[15, 16, 17, 18, 19, 20, 21, 22, 23, 24]
[7, 8, 9, 10, 11, 12, 13, 14, 26, 27, 28, 29, 30, 31, 32, 59, 60, 61, 62, 63, 266, 267, 268, 269, 270, 271, 272, 273, 274]
[0, 1, 2, 3]
[432, 433, 434, 435, 436, 437]
[152, 153, 154, 155, 156, 157, 215, 216, 217, 218, 219, 220]
[83, 84, 85, 86, 87, 88, 89, 218, 219, 220, 221, 222, 223]
[55, 56, 57, 58, 59, 60, 61, 62]
[7, 8, 9, 10, 11, 12]
[73, 74, 75, 76, 77]
[113, 114, 115, 116, 117, 118, 119, 120]
[89, 90, 91, 92]
[167, 168, 169, 170, 171, 172]
[5, 6, 7, 8, 9]
[]
[77, 78, 79, 80, 81, 82, 83, 84, 123, 124, 125, 126, 127, 128]
[44, 45, 46, 47, 48, 49, 50, 51, 52, 53]
[38, 39, 40, 41, 47, 48, 49, 50, 51]
[352, 353, 354, 355, 356, 357, 358, 359]
[32, 33, 34, 35, 36, 37, 38, 39, 40, 41]
[40, 41, 42, 43]
[34, 35, 36, 37, 38, 68, 69, 70, 71]
[87, 88, 89, 90, 91, 92]
[8, 9, 10, 11, 12, 13, 14, 15, 16, 17, 18, 19, 20]
[14, 15, 16, 17, 18, 19, 72, 73, 74, 75, 76, 77]
[4, 5, 6, 7, 8, 9, 71, 72, 73, 74, 75, 76]
[152, 153, 154, 155, 156, 157, 158, 159, 160, 161, 162, 163, 164]
[33, 34, 35, 36, 37, 38]
[22, 23, 24, 25, 26, 27, 293, 294, 295, 296, 297, 298]
[47, 48, 49, 50, 51, 52, 53, 95, 96, 97, 98, 99, 100, 101, 102]
[126, 127, 128, 129, 130]
[301, 302, 303, 304, 314, 315, 316, 317, 318, 319, 320, 321]
[5, 6, 7, 8, 9, 10, 23, 24, 25, 26, 27, 28]
[175, 176, 177, 178, 179, 180, 217, 218, 219, 220, 221, 222, 247, 248, 249, 250, 251, 252, 253, 254, 255]
[]
[13, 14, 15, 16, 17]
[373, 374, 375, 376, 377, 378, 379, 380, 381, 382, 383, 384]
[183, 184, 185, 186, 187, 188, 189, 190, 191]
[30, 31, 32, 33, 34, 52, 53, 54, 55, 56, 57, 58]
[17, 18, 19, 20, 21, 22]
[26, 27, 28, 29]
[]
[14, 15, 16, 17, 18, 19]
[52, 53, 54, 55]
[13, 14, 15, 16, 17, 18, 19, 21, 22, 23, 24]
[54, 55, 56, 57, 58, 59]
[169, 170, 171, 172, 173, 174, 362, 363, 364, 365, 366]
[28, 29, 30, 31]
[457, 458, 459, 460, 461, 462, 463, 464, 465, 466, 581, 582, 583, 584, 585, 586, 592, 593, 594, 595, 596]
[114, 115, 116, 117, 118, 119, 120, 121, 122, 197, 198, 199, 200, 201]
[15, 16, 17, 18, 195, 196, 197, 198, 199, 200, 201]
[28, 31, 32, 33, 34, 51, 56, 57]
[0, 1, 2, 3, 4, 5, 6, 7, 8, 9, 10, 11, 12]
[125, 126, 127, 128, 129]
[280, 281, 282, 283, 284, 285, 286, 287, 288]
[8, 9, 10, 11, 12, 14, 15, 16, 17, 18, 80, 81, 82, 83, 84, 85]
[32, 33, 34, 35, 36, 37, 38, 39]
[77, 78, 79, 80]
[]
[275, 276, 277, 278, 279, 280, 281, 282]
[54, 55, 56, 57]
[354, 355, 356, 357, 358, 359, 362, 363, 364, 365, 366, 367]
[205, 206, 207]
[7, 8, 9, 10, 11, 12, 13, 14]
[57, 58, 59, 60, 61, 62]
[191, 192, 193, 270, 271, 272, 273, 274, 275]
[97, 98, 99, 100, 101, 102]
[0, 1, 2, 3, 4, 5, 11, 12, 13, 14, 15, 16, 17, 18, 19, 27, 28, 29, 30, 31, 32, 33, 34, 35, 36, 37, 38]
[523, 524, 525, 526, 527, 528, 529, 530, 531, 532, 533, 534]
[0, 1, 2, 3, 4, 5]
[9, 10, 11, 12, 13, 478, 479, 480]
[19, 20, 21, 22, 23, 24, 25, 26, 27]
[286, 287, 288, 289, 290]
[13, 14, 15, 16, 17]
[13, 14, 15, 16, 17, 18]
[246, 247, 248, 249, 250, 251, 252, 253, 254, 255]
[124, 125, 126, 127, 128, 129, 130, 131, 132, 133, 134, 135, 136, 137]
[64, 65, 66, 67, 68, 69, 70, 71, 72, 74, 75, 76, 77, 78, 79, 80, 102, 103, 104, 105, 106, 123, 124, 125, 126, 127, 128, 129]
[11, 12, 13, 14, 15, 16, 70, 71, 72, 73, 74, 75, 76]
[81, 82, 83, 84, 85, 86, 94, 95, 96, 97, 98, 99]
[64, 65, 66, 67]
[0, 1, 2, 3, 4]
[0, 1, 2, 3, 4, 32, 33, 34, 35, 36, 37, 38, 57, 58, 59, 60, 75, 76, 77, 78, 79, 80, 81, 82, 83, 84]
[158, 167, 168, 169, 170, 171, 172, 184]
[]
[22, 23, 24, 25, 26, 27]
[65, 66, 67, 68, 69]
[8, 9, 10, 11, 12]
[23, 24, 25, 26, 27, 28, 29, 31, 32, 33, 34, 35]
[0, 1, 2, 3, 4, 5, 6, 7]
[119, 120, 121, 122, 391, 392, 393, 394, 395, 396]
[14, 15, 16, 17, 18, 19]
[11, 12, 13, 14, 103, 104, 105, 106]
[81, 82, 83, 84, 85, 86, 87, 88]
[234, 235, 236, 237, 238, 239]
[127, 128, 129, 130, 131, 132, 133, 134]
[11, 12, 13, 14, 15, 16, 17, 18, 20, 21, 22, 23, 24, 320, 321, 322, 323, 324, 325, 326, 327]
[81, 82, 83, 84, 282, 283, 284, 285, 286, 287, 288, 355, 356, 357, 358, 359, 360, 361]
[42, 43, 44, 45, 46, 47]
[56, 57, 58, 59, 60, 61, 64, 65, 66, 67, 68, 69, 70, 73, 74, 75, 76, 77, 78, 79]
[82, 83, 84, 85, 86, 87, 88, 89, 90, 91]
[33, 34, 35, 36, 37]
[53, 54, 55, 56, 57]
[]
[122, 123, 124, 125, 126, 127, 128, 129]
[148, 149, 150, 151, 152, 163, 164, 165, 166, 167, 168, 169, 170, 208, 209, 210, 211, 212, 213]
[43, 44, 45, 46, 142, 143, 144, 145, 146, 147, 148, 149, 155, 156, 157, 158, 159, 160]
[59, 60, 61, 62, 70, 71, 72, 73]
[40, 41, 42, 43]
[30, 31, 32, 33, 34, 35, 41, 42, 43, 44, 45, 46, 47, 48]
[173, 174, 175, 176, 177, 178, 179, 180, 181, 182]
[36, 37, 38, 39, 40, 41, 42]
[179, 180, 181, 182, 183, 184, 389, 390, 391, 392, 393, 394, 395]
[25, 26, 27, 28, 29, 30, 31]
[68, 69, 70, 71, 225, 226, 227, 228, 229, 230, 231]
[24, 25, 26, 27]
[3, 4, 5, 6, 54, 55, 56, 57]
[101, 102, 103, 104, 105, 106, 107, 510, 511, 512, 513, 514, 515, 608, 609, 610, 611, 612, 629, 630, 631, 632, 633, 634]
[4, 5, 6, 7, 8, 9]
[9, 10, 11, 12]
[34, 35, 36, 37, 38, 39, 40, 41, 251, 252, 253, 254, 255]
[]
[4, 5, 6, 7, 8, 9, 10, 11, 12, 13, 14, 15, 111, 112, 113, 114, 115, 116, 117]
[201, 202, 203, 204, 205, 206, 242, 243, 244, 245]
[61, 62, 63, 64, 65, 157, 158, 159, 160, 161, 162, 163, 164]
[104, 105, 106, 107, 108, 109, 110, 111, 197, 198, 199, 200, 201, 202, 304, 305, 306, 307, 308, 309, 310, 402, 403, 404, 405, 406, 407, 408, 595, 596, 597, 598, 599, 600, 746, 747, 748, 749, 750]
[26, 27, 28, 29, 30, 31]
[24, 25, 26, 27, 28, 29, 30, 31, 58, 59, 60, 61, 62, 63]
[19, 20, 21, 22, 23, 24, 25, 59, 60, 61, 62, 63, 64]
[31, 32, 33, 34, 78, 79, 80, 81]
[34, 35, 36, 37, 38, 39]
[]
[35, 36, 37, 38, 39, 40]
[20, 21, 22, 23, 33, 34, 35, 36, 484, 485, 486, 487, 488]
[54, 55, 56, 57, 58, 59, 86, 87, 88, 89, 90, 91, 127, 128, 129, 130, 131, 132, 146, 147, 148, 149, 150, 151]
[11, 12, 13, 14, 15, 16]
[145, 146, 147, 148, 149, 150, 274, 275, 276, 277, 278, 279]
[460, 461, 462, 463]
[12, 13, 14, 15, 16, 17]
[213, 214, 215, 469, 470, 471, 472]
[86, 87, 88, 89, 90, 91, 493, 494, 495, 496, 497, 498, 499, 500, 501, 502, 503, 504, 505]
[56, 57, 58, 59, 60, 61]
[63, 64, 65, 66]
[253, 254, 255, 256]
[81, 82, 83, 84, 118, 119, 120, 121, 122, 123]
[54, 55, 56, 57, 58, 59, 60]
[107, 108, 109, 110, 111, 117, 118, 119, 120, 121, 122, 123, 124, 125, 126, 385, 386, 387, 388, 389, 390, 391, 392, 393, 394]
[60, 61, 62, 63]
[200, 201, 202, 203, 204, 205, 206, 207, 208, 209, 210, 211]
[187, 188, 189, 190, 191, 192]
[51, 52, 53, 54, 55, 56]
[41, 42, 43, 44]
[24, 25, 26, 27, 28, 29, 30]
[]
[37, 38, 39, 40, 41, 42, 100, 101, 102, 103, 104, 105]
[19, 20, 21, 22, 23]
[20, 21, 22, 23, 24, 25, 26, 54, 55, 56, 57, 58, 59, 60, 61, 62, 63]
[5, 6, 7, 8, 9, 10, 46, 47, 48, 49, 50, 161, 162, 163, 164, 165, 166, 167, 168, 169]
[]
[]
[6, 7, 8, 9, 10]
[0, 1, 2, 3]
[27, 28, 29, 30]
[22, 23, 24, 25, 26, 28, 29, 30, 31]
[86, 87, 88, 89, 200, 201, 202, 203, 210, 211, 212, 213, 253, 254, 255, 256, 257, 258]
[79, 80, 81, 82, 83, 84]
[36, 37, 38, 39, 40, 41]
[25, 26, 27, 28, 29, 30, 31, 32, 33, 37, 38, 39, 40, 46, 47, 48]
[10, 11, 12, 13, 14, 15, 16, 17, 18, 563, 564, 565, 566, 587, 588, 589, 590, 591, 592]
[18, 19, 20, 21, 22, 23, 24]
[51, 52, 53, 54, 55, 258, 259, 260, 261, 262]
[17, 18, 19, 20, 21, 22, 23]
[85, 86, 87, 88, 89, 90, 121, 122, 123, 124, 125, 126, 127, 128, 129, 130, 131, 264, 265, 266, 267, 268]
[71, 72, 73, 74, 75, 121, 122, 123, 124, 125, 126]
[0, 1, 2, 3, 4, 5, 6, 7, 8, 10, 11, 12, 13]
[128, 129, 130, 131, 132, 143, 144, 145, 146, 147, 148, 176, 177, 178, 179]
[32, 33, 34, 35, 36, 76, 77, 78, 79, 80, 104, 105, 106, 107, 108]
[56, 57, 58, 59, 60]
[684, 685, 686, 687, 688, 689]
[5, 6, 7, 8, 9, 11, 12, 13, 14, 15, 16, 17, 18, 19, 20, 21, 22, 23, 24]
[194, 195, 196, 197, 198, 199, 200, 201, 202, 203, 204, 205, 367, 368, 369, 370, 371, 372]
[]
[23, 24, 25, 26, 27, 28]
[45, 46, 47, 48, 49, 50, 51, 52, 53, 54, 55, 56, 57, 58, 59, 60, 61, 62, 63, 64]
[9, 10, 11, 12, 13, 14]
[4, 5, 6, 7, 8]
[7, 8, 9, 10, 11, 12, 13, 14, 15, 16]
[439, 440, 441, 442, 443, 444]
[]
[52, 53, 54, 55, 56, 344, 345, 346, 347, 348, 349, 350, 352, 353, 354, 355, 356, 949, 950, 951, 952, 953, 954]
[244, 245, 246, 247, 248, 249, 250, 251, 252, 253, 254, 255, 256, 257, 519, 520, 521, 522, 541, 542, 543, 544, 545]
[150, 151, 152, 153]
[114, 115, 116, 117, 118, 119]
[]
[142, 143, 144, 145, 146, 147, 148, 149, 150, 151]
[218, 219, 220, 221, 222, 223, 224]
[28, 29, 30, 31, 32, 33, 34, 35, 326, 327, 328, 329, 330]
[181, 182, 183, 184, 185, 186, 187, 188, 189, 190, 392, 393, 394, 395, 396, 397, 398, 399, 400]
[226, 227, 228, 229, 230, 231]
[]
[66, 67, 68, 69, 70]
[78, 79, 80, 81, 82]
[93, 94, 95, 97, 98, 99, 100, 101, 102, 103, 104, 105, 533, 534, 535, 536, 537, 538, 539, 540, 541, 542]
[14, 15, 16, 17, 18, 19, 20, 21, 22, 163, 164, 165]
[5, 6, 7, 8, 9, 10, 11, 107, 108, 109, 110]
[294, 295, 296, 297, 298]
[22, 23, 24, 25, 26, 27, 28, 29, 30]
[32, 33, 34, 35, 36, 37]
[302, 303, 304, 305, 306, 307, 308, 352, 353, 354, 355, 356, 357, 358, 677, 678, 679, 680, 681, 682, 683]
[149, 150, 151, 152, 153, 154]
[23, 24, 25, 26, 27, 53, 54, 55, 56, 57, 58, 59]
[7, 8, 9, 10, 11, 12, 15, 16, 17, 18, 19, 20, 21, 22]
[47, 48, 49, 50, 51]
[105, 106, 107, 108, 109, 110]
[196, 197, 198, 199, 200, 391, 392, 393, 394, 395, 396]
[60, 61, 62, 63, 64, 65]
[]
[]
[68, 69, 70, 71, 72, 73]
[567, 568, 569, 570, 571, 572]
[11, 12, 13, 14]
[0, 1, 2, 3]
[15, 16, 17, 18, 19, 20]
[65, 66, 67, 68, 69, 70, 71, 153, 154, 155, 156, 157, 158]
[398, 399, 400, 401, 455, 456, 457, 458, 459, 460, 461]
[85, 86, 87, 88, 89, 95, 96, 97, 98, 99]
[282, 283, 284, 285, 286, 287, 288, 289, 290]
[84, 85, 86, 87, 88, 89]
[83, 84, 85, 86, 87, 398, 399, 400, 401, 402, 403]
[49, 50, 51, 52, 53]
[19, 20, 21, 22, 23, 24, 25, 26, 27, 28]
[0, 1, 2, 3, 4, 5, 6, 7, 8, 9, 212, 213, 214, 215, 216, 217]
[0, 1, 2, 3, 106, 107, 108, 146, 147, 148, 149]
[17, 18, 19, 20, 21, 42, 43, 44, 45, 46, 47, 48, 49, 50, 51, 97, 98, 99, 100, 101, 102, 103, 104, 105, 106]
[22, 23, 24, 25, 26, 27]
[24, 25, 26, 27, 47, 48, 49, 50, 51, 264, 265, 266, 267]
[13, 14, 15, 16, 17, 18, 19, 20]
[361, 362, 363, 364, 365, 381, 382, 383, 384, 385, 386, 387, 396, 397, 398, 399, 400]
[387, 388, 389, 390, 391, 392, 400, 401, 402, 403, 404, 405]
[69, 70, 71, 72, 73, 74]
[13, 14, 15, 16, 17, 18]
[0, 1, 2, 3, 4, 5, 13, 14, 15, 16, 17, 18]
[128, 129, 130, 131, 132, 133]
[137, 138, 139, 140, 141, 142]
[16, 17, 18, 19, 20]
[118, 119, 120, 121, 122, 123]
[345, 346, 347, 348, 349, 350]
[66, 67, 68, 69, 70, 71]
[398, 399, 400, 401, 402, 403, 404, 405]
[13, 14, 15, 16, 50, 51, 52, 53, 54, 55, 118, 119, 120, 121, 122]
[405, 406, 407, 408, 409, 410]
[]
[179, 180, 181, 182, 183]
[0, 1, 2, 3, 96, 97, 98, 99]
[80, 81, 82, 83, 84]
[19, 20, 21, 22, 23, 24]
[61, 62, 63, 64, 65, 66, 67, 68, 398, 399, 400, 401, 402, 403, 423, 424, 425, 426, 427, 428, 429, 430, 431, 432, 449, 450, 451, 452, 453, 454]
[159, 160, 161, 162, 163, 164]
[]
[]
[75, 76, 77, 78]
[47, 48, 49, 50]
[48, 49, 50, 51, 135, 136, 137, 138, 171, 172, 173, 174, 175, 176, 177]
[211, 212, 213, 214, 215]
[]
[53, 54, 55, 56, 57, 58, 59, 60, 74, 75, 76, 77, 78, 79, 110, 111, 112, 113, 114, 115, 116, 117, 118, 119]
[36, 37, 38, 39, 40, 41]
[17, 18, 19, 20, 67, 68, 69, 70, 71, 72, 73, 74]
[179, 180, 181, 182, 277, 278, 279, 280, 281, 282, 283, 284, 285, 329, 330, 331, 332]
[]
[39, 40, 41, 42, 43, 79, 80, 81, 82, 83, 84, 85, 86, 87, 88]
[35, 36, 37, 38, 39, 40, 41, 75, 76, 77, 78, 79, 80, 97, 98, 99, 100, 101, 102, 113, 114, 115, 116, 117, 118, 119, 120, 121]
[111, 112, 113, 114, 115, 116]
[44, 45, 46, 47, 48]
[26, 27, 28, 29]
[]
[52, 53, 54, 55]
[92, 93, 94, 95, 96, 142, 143, 144, 145, 146, 147, 148, 149]
[151, 152, 153, 154, 155, 156, 157, 160, 161, 162, 163, 164, 165, 167, 168, 169, 170, 275, 276, 277, 278, 279, 280, 281]
[107, 108, 109, 110, 111, 112, 113, 114, 115, 116, 125, 126, 127, 128, 129]
[64, 65, 66, 67, 76, 77, 78, 79, 80, 81]
[359, 360, 361, 362, 363, 364, 365, 366, 445, 446, 447]
[29, 30, 31, 32]
[7, 8, 9, 10, 11, 12, 13, 14, 15, 16, 17, 18, 19, 21, 22, 23, 24]
[28, 29, 30, 31, 32, 33, 34, 35, 36, 249, 250, 251, 252, 253, 254, 255, 256, 257, 258, 750, 751, 752, 753, 754]
[266, 267, 268, 269, 270, 271, 287, 288, 289, 290, 291, 292, 293, 294]
[52, 53, 54, 55, 56, 57]
[198, 199, 200, 201, 202, 203]
[22, 23, 24, 25, 26, 27, 28, 29, 35, 36, 37, 38, 39]
[83, 84, 85, 86, 87, 88]
[140, 141, 142, 143, 144]
[4, 5, 6, 7, 8, 70, 71, 72, 73, 74, 75, 76, 77, 172, 173, 174, 175, 176]
[242, 243, 244]
[10, 11, 12, 13, 14, 15, 37, 38, 39, 40, 41, 42, 43, 44]
[]
[18, 19, 20, 21, 22]
[12, 13, 14, 15, 16, 36, 37, 38, 39, 40, 41, 60, 61, 62, 63]
[0, 1, 2, 3, 4, 5, 6, 7, 8]
[178, 179, 180, 181, 182, 183, 184]
[157, 158, 159, 160, 161, 162]
[8, 9, 10, 11, 12]
[69, 70, 71, 72, 73, 75, 76, 77, 78]
[0, 1, 2, 3, 4, 5, 6, 7, 13, 14, 15, 16, 17, 18, 19, 20, 21, 22]
[424, 425, 426, 427, 428, 429]
[56, 57, 58, 59, 60, 61, 62, 63, 64, 65]
[248, 249, 250, 252, 253, 254, 255, 256, 257]
[13, 14, 15, 16, 174, 175, 176, 177]
[]
[8, 9, 10, 11, 12]
[]
[45, 46, 47, 48, 49, 50, 51, 52]
[144, 145, 146, 147, 148, 149, 150, 151, 152]
[57, 58, 59, 60, 61, 62, 63, 64, 72, 73, 74, 75, 76, 77]
[45, 46, 47, 48, 49, 50, 51]
[127, 128, 129, 130, 131, 132]
[51, 52, 53, 54, 55, 56]
[99, 100, 101, 102, 103, 104]
[38, 39, 40, 41, 42, 43, 44]
[16, 17, 18, 19, 20, 21, 22, 23, 24]
[239, 240, 241, 242, 243]
[56, 57, 58, 59, 60, 61, 62, 63]
[37, 38, 39, 40]
[196, 197, 198, 199]
[62, 63, 64, 65, 66]
[290, 291, 292, 293, 294, 295]
[]
[240, 241, 242, 243, 244, 245, 246, 247, 248, 249, 250, 251, 252, 253, 254]
[43, 44, 45, 46, 47, 48]
[]
[265, 266, 267, 268, 269, 270]
[]
[20, 21, 22, 23]
[]
[36, 37, 38, 39, 40, 138, 139, 140, 141]
[]
[207, 208, 209, 210, 211, 212, 213, 214]
[43, 44, 45, 46, 47, 55, 56, 57, 58, 59, 60, 61, 62, 63, 114, 115, 116, 117, 207, 208, 209, 210, 211, 212, 213, 214]
[146, 147, 148, 149, 150, 151, 152, 153, 154, 155, 156]
[53, 54, 55, 56]
[18, 19, 20, 21, 22, 23, 59, 60, 61, 62, 63, 64, 65, 66, 67, 68, 69, 70, 92, 93, 94, 95, 96, 97, 98, 99, 100, 101, 102, 104, 105, 106, 107, 108, 109, 110, 111, 112]
[81, 82, 83, 84, 85, 86]
[507, 508, 509, 510, 511, 512, 513, 514]
[180, 181, 182, 183, 184, 185, 186, 187, 188, 189, 190, 191]
[116, 117, 118, 119, 120, 121, 122, 123, 124]
[32, 33, 34, 35, 36]
[25, 26, 27, 28, 29, 30, 31, 32, 54, 55, 56, 57, 58, 59, 60, 61, 91, 92, 93, 94, 95, 96]
[13, 14, 15, 16]
[290, 291, 292, 293, 294]
[49, 50, 51, 52, 53, 54, 55, 56]
[4, 5, 6, 7, 8, 9, 24, 25, 26, 27, 28, 29, 123, 124, 125, 126, 127, 128, 307, 308, 309, 310, 311, 312, 313, 314, 360, 361, 362, 363, 364, 365]
[0, 1, 2, 3, 4, 5, 6, 7, 194, 195, 196, 197, 198, 199, 200, 201, 221, 222, 223, 224, 225, 226, 227, 228, 229]
[6, 7, 8, 9, 10, 11, 12, 13, 14, 93, 94, 95, 96, 97, 98, 99, 100, 101]
[833, 834, 835]
[204, 205, 206, 207, 208, 209]
[21, 22, 23, 24, 25]
[39, 40, 41, 42, 43, 131, 132, 133, 134, 339, 340, 341, 342, 343, 344, 345, 346, 347]
[55, 56, 57, 58, 59, 121, 122, 123, 124, 125, 126]
[212, 213, 214, 215]
[77, 78, 79, 80, 81, 82, 91, 92, 93, 94, 95, 96]
[50, 51, 52, 53, 54, 55, 56, 57, 58, 107, 108, 109, 110, 111, 112, 113, 114]
[11, 12, 13, 14]
[142, 143, 144, 145, 146]
[51, 52, 53, 54, 55, 56, 57, 58]
[74, 75, 76, 77, 78, 79]
[84, 85, 86, 87, 88, 89]
[35, 36, 37, 38]
[62, 63, 64, 65]
[75, 76, 77, 78, 79, 80]
[72, 73, 74, 75, 76, 77, 78, 79, 80, 81, 82, 83, 84, 85, 124, 125, 126, 127, 128, 129]
[8, 9, 10, 11, 12, 13]
[141, 142, 143, 144, 145, 146]
[10, 11, 12, 13, 14, 15, 16]
[215, 216, 217, 218]
[14, 15, 16, 17, 18, 19, 20, 21, 72, 73, 74, 75, 76, 77, 78, 119, 120, 121, 122, 123]
[215, 216, 217, 218, 219, 220, 221, 222]
[214, 215, 216, 217]
[22, 23, 24, 25, 26, 27, 28, 29, 30, 74, 75, 76, 77, 78, 79, 80, 81]
[21, 22, 23, 24, 25, 26, 39, 40, 41, 42, 43, 44, 45, 46, 63, 64, 65, 66, 67, 68]
[19, 20, 21, 22, 23, 24, 25, 26, 435, 436, 437, 438, 439, 440, 441, 442]
[]
[20, 21, 22, 23, 79, 80, 81, 82, 83, 84, 85, 112, 113, 114, 115, 116, 117, 118, 119, 120, 121, 122, 123]
[111, 112, 113, 114, 115, 116, 828, 829, 830, 831, 832, 833, 834, 835, 836, 922, 923, 924, 925, 926, 927, 928, 929, 930, 931, 932, 933, 934, 935]
[34, 35, 36, 37, 38]
[49, 50, 51, 52, 53, 54, 55, 56, 84, 85, 86, 87, 88, 89, 90]
[23, 24, 25, 26, 27]
[220, 221, 222, 223, 224, 225, 226, 227, 378, 379, 380, 381, 382, 383, 384, 385, 386, 387]
[11, 12, 13, 14]
[590, 591, 592, 593]
[5, 6, 7, 8, 9, 10, 11, 13, 14, 15, 16, 17]
[64, 65, 66, 67, 68, 69, 70, 71, 77, 78, 79, 80, 81, 82, 83, 84, 85, 86]
[57, 58, 59, 60, 61]
[]
[14, 15, 16, 17, 18, 19, 20, 21]
[16, 17, 18, 19, 20]
[0, 1, 2, 3, 4, 5]
[160, 161, 162, 163, 164]
[0, 1, 2, 3, 5, 6, 7, 8, 9, 10]
[173, 174, 175, 176, 177, 178]
[10, 11, 12, 13, 14]
[12, 13, 14, 15, 16]
[49, 50, 51, 52, 53, 54]
[]
[45, 46, 47, 48, 49, 50, 51, 52]
[9, 10, 11, 12, 13, 14, 15]
[96, 97, 98, 99]
[27, 28, 29, 30, 31, 32, 33, 34, 35]
[0, 1, 2, 3, 4, 5, 6, 7, 8, 9, 10, 11, 12]
[48, 49, 50, 51, 52, 53]
[48, 49, 50, 51, 52, 53, 54, 55, 56, 57, 58, 59, 60, 61]
[364, 365, 366, 367, 368, 369]
[28, 29, 30, 31, 32, 33, 34, 35, 36, 37, 38]
[12, 13, 14, 15, 26, 27, 28, 29, 30, 31, 32, 33]
[484, 485, 486, 487, 488]
[7, 8, 9, 10]
[11, 12, 13, 14, 15, 16]
[8, 9, 10, 11, 12, 13, 45, 46, 47, 48, 49, 50, 51, 52, 53]
[7, 8, 9, 10, 11, 12, 13, 14]
[124, 125, 126, 127, 128, 129]
[31, 32, 33, 34, 35, 36]
[0, 1, 2, 3, 4, 5, 22, 23, 24, 25, 26]
[201, 202, 203, 204, 205, 208, 209, 210, 211, 212, 215, 216, 217, 218, 219]
[42, 43, 44, 45, 46, 47, 48, 49, 51, 52, 53, 54, 55, 56, 107, 108, 109, 110, 111, 112]
[40, 41, 42, 43]
[36, 37, 38, 39, 40]
[]
[17, 18, 19, 20, 21, 22, 23, 37, 38, 39, 40, 41, 42, 43, 44, 45, 46]
[0, 1, 2, 3, 10, 11, 12, 13, 14, 15]
[139, 140, 141, 142, 143, 144, 145, 146]
[0, 1, 2, 3]
[]
[12, 13, 14, 15]
[57, 58, 59, 60, 61, 231, 232, 233, 234, 235, 236, 237, 239, 240, 241, 242, 243, 322, 323, 324, 325, 326, 327, 328, 330, 331, 332, 333, 334, 344, 345, 346, 347, 348, 349]
[47, 48, 49, 50, 99, 100, 101, 102, 103, 104]
[31, 32, 33, 34, 35, 36, 37, 38, 39, 170, 171, 172, 173, 174, 175, 176, 177, 178]
[106, 107, 108, 109, 110]
[]
[]
[155, 156, 157, 158, 159, 160]
[94, 95, 96, 368, 369, 370, 371, 372, 373, 374]
[81, 82, 83, 84]
[]
[187, 188, 189, 190, 191, 192, 193, 194, 195, 196, 197, 198, 212, 213, 214, 215, 216, 217, 218, 219, 232, 233, 234, 235, 236, 253, 254, 255, 256, 257, 258, 264, 265, 266, 267, 268]
[]
[156, 157, 158, 159, 160]
[11, 12, 13, 14, 15, 16, 17, 18, 176, 177, 178, 179, 180, 181, 182, 183, 184]
[13, 14, 15, 16, 17]
[]
[0, 2, 8, 9, 10, 11, 12]
[134, 135, 136, 137, 166, 167, 168, 169, 170, 191, 192, 193, 194]
[0, 1, 2, 3, 4]
[42, 43, 44, 45, 325, 326, 327, 328, 329, 330, 331, 332, 333]
[124, 125, 126, 127, 128, 129, 130, 131, 133, 134, 135, 136, 137, 138]
[87, 88, 89, 90, 91, 92, 93, 94, 134, 135, 136, 137, 138, 139, 140, 141]
[5, 6, 7, 8]
[]
[]
[72, 73, 74, 75, 76, 77, 78, 79, 80]
[67, 68, 69, 70, 71, 72, 73, 74, 75, 76, 77, 78, 79, 80, 81, 82]
[0, 1, 2, 3, 21, 22, 23, 24]
[]
[]
[37, 38, 39, 40, 41, 42, 43, 44, 45, 46, 47, 48]
[75, 76, 77, 78, 86, 87, 88, 89, 90]
[13, 14, 15, 16, 17, 18, 19, 20, 22, 23, 24, 25, 26, 27, 28, 29, 30, 31, 32, 33, 34, 35, 36, 37, 38, 39, 40, 41]
[136, 137, 138, 139, 140, 141]
[47, 48, 49, 50]
[8, 9, 10, 11, 12, 13, 14, 15, 16, 17]
[]
[99, 100, 101, 102, 103, 104, 105, 107, 108, 109, 110, 111]
[41, 42, 43, 44, 45, 46, 47, 48, 49, 50]
[32, 33, 34, 35, 36, 37]
[63, 64, 65, 66, 67, 68, 69]
[61, 62, 63, 64, 65]
[50, 51, 52, 53, 54]
[25, 26, 27, 28]
[7, 8, 9, 10, 11, 12]
[]
[148, 149, 150, 151, 152]
[236, 237, 238, 239, 240, 241, 242, 283, 284, 285, 286]
[129, 130, 131, 132, 133]
[118, 119, 120, 121, 122, 572, 573, 574, 575, 576, 577, 578]
[188, 189, 190, 191, 192, 292, 293, 294, 295, 296, 395, 396, 397, 398, 399]
[]
[94, 95, 96, 97, 98, 99]
[16, 17, 18, 19]
[109, 110, 111, 112, 113, 114]
[]
[23, 24, 25, 26, 27, 28, 30, 31, 32, 33]
[396, 397, 398, 399, 400, 401]
[]
[25, 26, 27, 28, 29, 30]
[25, 26, 27, 28, 125, 126, 127, 128]
[698, 699, 700, 701, 702, 709, 710, 711, 712, 713, 714, 839, 840, 841, 842, 843, 844]
[61, 62, 63, 64, 65, 66]
[261, 262, 263, 264, 265, 297, 298, 299, 300, 301, 302, 303, 304, 305, 306]
[]
[]
[55, 56, 57, 58]
[4, 5, 6, 7, 8, 9, 95, 96, 97, 98, 99, 100, 101]
[200, 201, 202, 203, 204, 205, 247, 248, 249, 250, 251, 252, 253, 254, 255, 256, 290, 291, 292, 293, 294, 295]
[32, 33, 34, 35, 37, 38, 39]
[15, 16, 17, 18, 19, 20, 21, 31, 32, 33, 34, 35, 36]
[0, 1, 2, 3]
[42, 43, 44, 45, 46]
[0, 1, 2, 3, 4, 5, 6, 7, 8, 9, 83, 84, 85, 86, 87, 88, 89, 90, 91, 92]
[25, 26, 27, 28, 29, 30]
[0, 1, 2, 3, 4, 5, 50, 51, 52, 53, 54]
[0, 1, 2, 3]
[54, 55, 56, 57, 58, 59, 67, 68, 69, 70, 71, 72]
[28, 29, 30, 31, 32, 33, 189, 190, 191, 192, 193, 194, 195]
[17, 18, 19, 20, 21]
[31, 32, 33, 34, 35, 36]
[12, 13, 14, 15, 16, 17, 18, 23, 24, 25, 26]
[183, 184, 185, 186, 187, 188, 189]
[15, 16, 17, 18, 19]
[8, 9, 10, 11, 12, 13, 91, 92, 93, 94, 95, 96, 97, 98]
[19, 20, 21, 22, 23, 24, 25, 26]
[]
[]
[190, 191, 192, 193, 194]
[37, 38, 39, 40, 41, 103, 104, 105, 106, 107, 108, 109]
[212, 213, 214, 215, 216, 217, 218]
[363, 364, 365, 366]
[0, 1, 2, 17, 18, 19, 20, 21, 87, 88, 89, 90]
[]
[180, 182, 183, 184, 185, 186, 187, 188, 189, 190, 191, 192, 193]
[15, 16, 17, 18, 19, 180, 181, 182, 183, 184, 185, 248, 249, 250, 251, 252, 253, 254, 255, 256, 257, 258]
[15, 16, 17]
[44, 45, 46, 47, 348, 349, 350, 351, 352, 353, 354]
[]
[8, 9, 10, 11, 12]
[12, 13, 14, 15, 16]
[69, 70, 71, 449, 450, 451, 452, 453, 454, 455, 456, 457, 458, 459, 460, 553, 554, 555, 556, 557, 558, 814, 815, 816, 817, 818, 819]
[14, 15, 16, 17]
[17, 18, 19, 20, 21, 22]
[7, 8, 9, 10, 11]
[47, 48, 49, 50, 51]
[45, 46, 47, 48, 49, 50, 100, 101, 102, 103, 104, 105, 185, 186, 187, 188, 189, 190, 232, 233, 234, 235, 236, 237]
[188, 189, 190, 191, 192, 193, 201, 202, 203, 204, 205, 206]
[5, 6, 7, 8, 9, 10]
[110, 111, 112, 113, 120, 121, 122, 123]
[26, 27, 28, 29, 30, 31, 32]
[43, 44, 45]
[16, 17, 18, 19, 20, 21]
[50, 51, 52, 54, 55, 56, 57, 58, 122, 123, 124, 125, 126, 127, 210, 211, 212, 213, 214, 215, 216, 217, 286, 287, 288, 289]
[73, 74, 75, 76, 77, 78, 79, 80, 81]
[13, 14, 15, 16]
[35, 36, 37, 38, 39, 40]
[31, 32, 33, 34, 35, 36, 37, 38]
[87, 88, 89, 90, 91, 92, 93, 94, 133]
[107, 108, 109, 110, 111, 180, 181, 182, 183, 184]
[42, 43, 44, 45, 46, 47, 48, 49, 52, 53, 54, 55, 145, 146, 147, 148]
[18, 19, 20, 21, 22, 23, 24, 25, 27, 28, 29, 30, 31, 32, 33, 34, 35, 36, 37]
[]
[16, 17, 18, 19, 20, 21]
[217, 218, 219, 220, 221, 222, 263, 264, 265, 266, 267, 268, 269, 270, 271, 272, 273, 274, 275, 276, 278, 279, 280, 281, 282, 695, 696, 697, 698, 699, 700]
[11, 12, 13, 14, 15, 64, 65, 66, 67, 68, 69]
[24, 25, 26, 27, 28, 29]
[129, 130, 131, 132, 133]
[0, 1, 2, 3, 4, 5, 328, 329, 330, 331, 332, 333, 334, 442, 443, 444, 445, 446, 611, 612, 613, 614, 615]
[71, 72, 73]
[0, 1, 2, 3, 4, 5, 15, 16, 17, 18, 19, 20]
[46, 47, 48, 49, 50, 51, 52, 53, 54, 72, 73, 74, 75, 76, 77, 78, 79, 80, 292, 293, 294, 295, 296]
[25, 26, 27, 28, 29, 30, 114, 115, 116, 117, 118, 119]
[116, 117, 118, 119, 120]
[140, 141, 142, 143, 144, 145]
[49, 50, 51, 52, 53, 54, 55, 56, 57, 58, 218, 219, 220, 221, 222, 223, 224, 225, 226, 227]
[5, 6, 7, 8, 9, 10, 18, 19, 20, 21, 22, 23, 46, 47, 48, 49, 50, 51]
[244, 245, 246, 247, 248, 249, 250, 251, 252, 253]
[51, 52, 53, 54, 55, 56, 57, 58, 59, 60, 192, 193, 194, 195, 196, 197, 198, 305, 306, 307, 308, 309, 310, 311, 312, 316, 317, 318, 319, 320, 321, 322, 323, 324, 325]
[8, 9, 10, 11, 12, 13, 14, 15, 16, 288, 289, 290, 291, 292]
[54, 55, 56, 57, 58, 59, 60, 61, 183, 184, 185, 186, 187, 188]
[148, 149, 150, 151, 152, 153, 170, 171, 172, 173, 174, 175]
[8, 9, 10, 11, 12, 13, 14, 15, 16, 27, 28, 29, 30, 31, 32, 33, 34, 35]
[5]
[20, 21, 22, 23]
[10, 11, 12, 13, 14, 15, 16, 17, 18, 19, 20]
[40, 41, 42, 43, 44, 45]
[65, 66, 67, 68, 69, 70]
[9, 10, 11, 12, 13, 14, 15, 16, 17, 18, 19]
[97, 98, 99, 100, 101]
[43, 44, 45, 46, 47, 48, 156, 157, 158, 159, 160]
[279, 280, 281, 282, 283]
[220, 221, 222, 223, 224, 225, 349, 350, 351, 352, 353, 354, 355, 434, 435, 436, 437, 438, 439]
[110, 111, 112, 113, 114]
[9, 10, 11, 12]
[54, 55, 56, 57, 67, 68, 69, 70, 71]
[0, 1, 2, 3, 4]
[]
[157, 158, 159, 160, 161, 162, 163, 164, 165, 166]
[94, 95, 96, 97, 98]
[8, 9, 10, 11, 12]
[0, 1, 2, 3]
[88, 89, 90, 91, 178, 179, 180, 181, 182, 183]
[15, 16, 17, 18, 19, 20, 21, 22]
[155, 156, 157, 158, 159, 160, 201, 202, 203, 204, 205, 206, 207, 208, 209]
[0, 1, 2, 3, 4]
[21, 22, 23, 24, 25, 26]
[330, 331, 332, 333]
[352, 353, 354, 355, 356, 357, 358, 359, 360, 361]
[39, 40, 41, 42, 43, 44]
[320, 321, 322, 323]
[92, 93, 94, 95, 96, 97, 127, 128, 129, 130, 131, 132, 133, 134, 143, 144, 145, 146, 147, 148, 149, 171, 172, 173, 174, 175, 176, 177]
[0, 1, 2, 3, 4, 18, 19, 20, 21, 22, 34, 35, 36, 37, 38]
[5, 6, 7, 8]
[23, 24, 25, 26, 27, 57, 58, 59, 60, 61, 62, 63]
[46, 47, 48, 49, 50]
[5, 6, 7, 8, 9, 10, 11]
[41, 42, 43, 44, 45, 113, 114, 115, 116, 117, 118, 119, 120, 121]
[24, 25, 26, 27, 28, 29, 30, 31, 32]
[390, 391, 392, 393, 394]
[131, 132, 133, 134, 135]
[]
[79, 80, 81, 82, 83, 84, 85, 86, 94, 95, 96, 97, 98, 99]
[33, 34, 35, 36, 37, 38]
[173, 174, 175, 176, 177, 178, 179, 180]
[55, 56, 57, 58, 59, 60, 61]
[8, 9, 10, 11, 12, 13, 14, 16, 17, 18, 19]
[30, 31, 32, 33, 34, 35, 36]
[154, 155, 156, 157, 164, 165, 166, 167, 168]
[25, 26, 27, 28, 29]
[137, 138, 139, 140]
[264, 265, 266, 267, 268, 269, 270, 271, 272, 273]
[10, 11, 12, 13, 14]
[185, 186, 187, 188, 189, 305, 306, 307, 308, 309, 310, 311]
[132, 133, 134, 135, 136, 137]
[132, 133, 134, 135, 136, 297, 298, 299, 300, 321, 322, 323, 324, 325, 326, 327]
[208, 209, 210, 211, 212, 213, 214, 215]
[113, 114, 115, 116]
[47, 48, 49, 50, 51, 52]
[23, 24, 25, 26, 27, 28]
[38, 39, 40, 41, 42]
[392, 393, 394, 395, 396]
[676, 677, 678, 679, 680, 681]
[7, 8, 9, 10, 11, 12, 13, 14, 15, 16, 17, 23, 24, 25, 26, 27, 28, 29, 30, 31]
[39, 40, 41, 42, 43, 44, 45, 46, 47, 59, 60, 61, 62, 63]
[7, 8, 9, 10, 11, 12, 58, 59, 60, 61, 62, 63, 64]
[]
[140, 141, 142, 143, 144]
[44, 45, 46, 47, 48, 49]
[22, 23, 24, 25, 26, 55, 56, 57, 58, 59, 60]
[79, 80, 81, 82, 83, 84, 85, 86, 88, 89, 90, 91, 92, 93, 94, 97, 98, 99, 100, 184, 185, 186, 187, 188, 189, 190, 191, 203, 204, 205, 206, 207, 208, 209, 210, 396, 397, 398, 399, 400, 401, 513, 514, 515, 516, 517, 518, 855, 856, 857, 858, 859, 860, 861, 862, 863]
[70, 71, 72, 73]
[46, 47, 48, 49, 50, 51]
[92, 96, 97, 98, 99, 100, 101, 102, 105, 106, 107, 108, 109, 110, 111, 112, 113, 114, 115, 116]
[79, 80, 81, 82, 83]
[0, 1, 2, 3, 4, 5, 6, 7, 19, 20, 21, 22, 23, 51, 52, 53, 54, 55, 56, 57]
[21, 22, 23, 24, 25, 26]
[]
[90, 91, 92, 93, 94]
[113, 114, 115, 116, 117, 118, 119, 125, 126, 127, 128, 129, 130]
[150, 151, 152, 153, 189, 190, 191, 192, 193]
[37, 38, 39, 40, 41, 42, 108, 109, 110, 111, 112, 113, 214, 215, 216, 217, 218, 219]
[0, 1, 2, 3, 4, 17, 18, 19, 25, 26, 27, 28, 29, 30, 31, 32, 33, 34, 35, 36, 37]
[68, 69, 70, 71, 72, 73, 74]
[26, 27, 28, 29, 30]
[]
[8, 9, 10, 11, 12, 13]
[28, 29, 30, 31, 32, 33, 34, 35, 36, 37, 38, 39, 40, 41, 42, 43, 44, 45]
[22, 23, 24, 25]
[97, 98, 99, 100, 101, 102, 103, 104, 105, 106, 510, 511, 512, 513, 514, 515]
[72, 73, 74, 75]
[23, 24, 25, 26, 27, 28]
[16, 17, 18, 19, 20, 31, 32, 33, 34, 35, 36]
[218, 219, 220, 221, 222, 223, 224]
[26, 27, 28, 29, 30, 31]
[6, 7, 8, 9, 10, 11]
[32, 33, 34, 35, 36, 37]
[24, 25, 26, 27, 28, 29]
[59, 60, 61, 62, 63, 64, 272, 273, 274, 275, 276, 277, 278, 279, 325, 326, 327, 328, 329, 330]
[196, 197, 198, 199, 200, 201, 202, 203]
[20, 21, 22, 23, 24, 25]
[28, 29, 30, 31, 32, 33, 34, 35, 36, 37, 43, 44, 45, 46, 47, 48, 49, 50, 51, 173, 174, 175, 176, 177, 178, 179, 180, 181, 182, 183, 184, 185, 186, 187, 188, 189, 190, 191, 192, 193, 194, 195]
[66, 67, 68, 69, 70, 71]
[204, 205, 206, 207, 208]
[17, 18, 19, 20, 21, 22, 23, 84, 85, 86, 87, 88, 89, 102, 103, 104, 105, 221, 222, 223, 224, 225, 226, 227]
[153, 154, 155, 156, 157]
[]
[102, 103, 104, 105, 106, 107, 108]
[210, 211, 212, 213, 214, 215, 216, 217]
[19, 20, 21, 22, 23, 24, 25, 26]
[0, 1, 2, 3, 4, 5, 6, 7, 8, 9]
[0, 1, 2, 3, 4, 5, 6, 7]
[]
[18, 19, 20, 21, 22]
[18, 19, 20, 21, 22, 23, 24, 42, 43, 44, 45, 46, 47, 48, 49, 159, 160, 161, 162, 163]
[36, 37, 38, 39]
[20, 21, 22, 23, 24, 444, 445, 446, 447, 448]
[41, 42, 43, 44]
[11, 12, 13, 14, 15, 16, 17, 18, 19, 20, 21, 22, 23, 24, 25, 26, 27, 65, 66, 67, 68]
[78, 79, 80, 81, 82, 83, 89, 90, 91, 92, 93, 94, 95, 302, 303, 304, 305, 306, 307, 308, 309, 310, 311]
[157, 158, 159, 160, 161, 162, 274, 275, 276, 277, 278, 279, 427, 428, 429, 430, 431]
[21, 22, 23, 24, 25]
[143, 144, 145, 146, 147, 148, 149, 150]
[23, 24, 25, 26, 27]
[70, 71, 72, 73, 74, 75]
[175, 176, 177, 178, 179]
[0, 1, 2, 3, 4, 5, 6, 7, 8, 9, 10, 11, 12, 13]
[38, 39, 40, 41, 42, 43]
[164, 165, 166, 167, 168, 169, 170, 171, 205, 206, 207, 208, 209]
[56, 57, 58, 59, 60, 61, 62, 63, 64]
[29, 30, 31, 32, 33]
[142, 143, 144, 145, 146]
[]
[]
[0, 1, 2, 3, 4, 5]
[107, 108, 109, 110, 111, 112, 113]
[]
[483, 484, 485, 486, 487, 488, 489, 490]
[126, 127, 128, 129, 130]
[]
[18, 19, 20, 21, 22]
[64, 65, 66, 67, 92, 93, 94, 95, 96, 97, 98, 99, 109, 110, 111, 112]
[0, 1, 2, 3, 4]
[86, 87, 88, 89, 90]
[]
[98, 99, 100, 101, 102, 103]
[82, 83, 84, 85, 86]
[39, 40, 41, 42, 43, 44, 45, 46, 47, 59, 60, 61]
[15, 16, 17, 18, 19, 24, 25, 26, 27, 28]
[48, 49, 50, 51, 52, 53, 54, 55]
[216, 217, 218, 219, 220, 221, 222, 223, 224]
[397, 398, 399, 400, 401, 402, 403, 404, 405, 406, 407, 408, 830, 831, 832, 833, 834, 835, 836, 837, 838, 839, 840, 841, 843, 844, 845, 846, 847, 848, 849, 850, 932, 933, 934, 935, 936, 937, 938]
[36, 37, 38, 39, 40, 41, 42, 43, 44]
[16, 17, 18, 19, 20, 21, 51, 52, 53, 54, 55]
[]
[57, 58, 59, 60, 61, 62]
[35, 36, 37, 38, 39, 40, 41, 42, 43, 172, 173, 174, 175]
[]
[27, 28, 29, 30, 31]
[]
[23, 24, 25, 26, 87, 88, 89, 90, 91, 92, 93, 94, 95]
[160, 161, 162, 163, 164, 165]
[26, 27, 28, 29, 30, 31, 32]
[21, 22, 23, 24, 25, 26, 27]
[17, 18, 19, 20, 21, 22, 23, 24, 36, 37, 38, 39, 40, 41, 42, 43, 44, 45, 46, 47, 48, 49, 50, 51]
[627, 628, 629, 630, 631, 632, 946, 947, 948, 949, 967]
[7, 8, 9, 10]
[238, 239, 240, 241]
[713, 714, 715, 716, 717, 718, 719, 720, 721, 722]
[106, 107, 108, 109, 110, 111, 146, 147, 148, 149, 150, 151]
[154, 155, 156, 157, 158]
[13, 14, 15, 16, 17, 60, 61, 62, 63, 64]
[73, 74, 75, 76, 77, 78, 557, 558, 559, 560, 561, 562, 563, 564, 565, 571, 572, 573, 574, 575, 576, 577, 578, 579]
[18, 19, 20, 21, 22, 23, 44, 45, 46, 206, 207, 208, 209, 210, 211, 212, 213, 214, 215, 216, 217, 312, 313, 314, 315, 316, 317]
[26, 27, 28, 29]
[48, 49, 50, 51, 52]
[55, 56, 57, 58]
[25, 26, 27, 28, 29, 30, 31, 32, 33]
[28, 29, 30, 31, 32, 33]
[216, 217, 218, 219, 220, 221, 319, 320, 321, 322, 323, 324, 325, 326, 327]
[0, 1, 2, 3]
[44, 45, 46, 47]
[56, 57, 58, 59, 60, 61, 62, 63, 64, 65]
[144, 145, 146, 147, 148, 149, 150, 151, 165, 166, 167, 168, 169, 170, 171, 172, 173, 174, 175, 243, 244, 245, 246, 247, 248]
[22, 23, 24, 25]
[142, 143, 144, 145, 146, 147, 182, 183, 184, 185, 186, 187]
[]
[13, 14, 15, 16, 17, 18, 19, 20, 31, 32, 33, 34, 35, 36]
[198, 199, 200, 201, 202, 203, 204, 205, 241, 242, 243, 244]
[124, 125, 126, 127, 128, 129, 130, 131]
[46, 47, 48, 49, 51]
[15, 16, 17, 18, 19, 20]
[]
[31, 32, 33, 34, 35, 36]
[22, 23, 24, 25, 26]
[58, 59, 60, 61, 62, 63, 64, 65, 66]
[203, 204, 205, 206]
[29, 30, 31, 32, 33, 34, 35]
[96, 97, 98, 99, 100, 101, 102, 103, 104, 347, 348, 349, 350, 351, 352, 353]
[93, 94, 95, 96, 97]
[6, 7, 8, 9, 10, 11]
[132, 133, 134, 135, 136, 137, 138, 139, 286, 287, 288, 289, 290, 291, 292, 293]
[0, 1, 2, 3]
[]
[112, 113, 114, 115, 116, 117, 347, 348, 349, 350, 351]
[6, 7, 8, 9]
[16, 17, 18, 19, 20, 21]
[0, 1, 2, 3, 4, 5, 91, 92, 93, 94, 95]
[77, 78, 79, 80, 81, 82, 83, 84]
[257, 258, 259, 260, 261, 262, 280, 281, 282, 283, 284, 285, 286, 287, 288, 289, 290]
[117, 118, 119, 120, 121, 122, 123]
[295, 296, 297]
[197, 198, 199, 200]
[317, 318, 319, 320, 321, 322, 323, 324, 325, 326, 328, 329, 330, 331, 332, 333, 334, 561, 562, 563, 564, 565, 566, 567, 569, 570, 571]
[0, 1, 2, 3]
[14, 15, 16, 17, 18]
[0, 1, 2, 3, 4, 5, 6, 7, 8, 9]
[102, 103, 104, 105, 106, 107, 108, 109, 110]
[57, 58, 59, 60, 61]
[14, 15, 16, 17, 18, 19, 20, 21]
[6, 7, 8, 9, 10]
[25, 26, 27, 28, 29]
[22, 23, 24, 25]
[0, 1, 2, 3, 4, 5, 6, 7, 91, 92, 93, 94, 95, 96]
[240, 241, 242]
[94, 95, 96, 97, 98, 99, 107, 108, 109, 110, 111, 112]
[]
[0, 1, 2, 3, 4, 5]
[230, 231, 232, 233, 234, 235, 236, 245, 246, 247, 248, 249, 250, 251]
[14, 15, 16, 17, 18]
[22, 23, 24, 25, 26, 184, 185, 186, 187, 188, 189, 190, 297, 298, 299, 300, 301, 302, 387, 388, 389, 390, 391, 392, 394, 395, 396, 556, 616, 617, 618, 619, 620, 621, 622, 623, 730, 731, 732, 733, 734, 737, 738, 739, 740, 741]
[]
[52, 53, 54, 55, 56, 57]
[31, 32, 33, 34, 35, 36, 37, 148, 149, 150, 151, 152, 153, 154, 155, 156, 157, 413, 414, 415, 416, 417]
[176, 177, 178, 179, 180, 181, 182, 183, 184, 186, 187, 188, 189, 190, 191, 192, 193, 194]
[31, 32, 33, 34, 35, 36]
[0, 1, 2, 3, 4, 5, 6, 7, 8]
[30, 31, 32, 33, 34, 327, 328, 329, 330, 331, 332, 333, 334, 335, 337, 338, 339, 340, 341, 342, 343]
[260, 261, 262, 263, 264]
[52, 53, 54, 55, 56, 57]
[]
[44, 45, 46, 47, 48, 49]
[379, 380, 381, 382, 390, 391, 392, 393, 394, 395, 912, 913, 914, 915, 916]
[5, 6, 7, 8, 9, 10, 11, 12]
[192, 193, 194, 195, 196, 282, 283, 284, 285, 286, 475, 476, 477, 478, 479]
[18, 19, 20, 21, 22, 23]
[22, 23, 24, 25]
[41, 42, 43, 44, 45, 46, 47, 48]
[296, 297, 298, 299]
[75, 76, 77, 78, 79, 80, 81, 82, 83, 175, 176, 177, 178]
[24, 25, 26, 27, 28, 29, 30, 31, 32, 33]
[80, 81, 82, 83, 84, 85, 86, 87, 88]
[]
[10, 11, 12, 13, 14, 15, 16, 17, 18]
[]
[75, 76, 77, 78, 79, 165, 166, 167, 168, 247, 248, 249]
[21, 22, 23, 24]
[0, 1, 2, 3, 4]
[441, 442, 443, 444, 445, 446]
[33, 34, 35, 36, 37, 38, 701, 702, 703, 704, 705]
[49, 50, 51, 52, 53, 54, 55, 56, 57, 58]
[17, 18, 19, 20, 21, 22, 23, 24, 25, 236, 237, 238, 239, 240, 241, 242, 243, 244, 245, 246, 247, 325, 326, 327, 328, 329, 330, 331, 332, 333, 334]
[48, 49, 50, 51, 52]
[8, 9, 10, 11, 12, 13, 65, 66, 67, 68, 69, 70, 71, 73, 74, 75, 76, 77]
[32, 33, 34, 35, 36]
[16, 17, 18, 19, 20, 21, 22, 122, 123, 124, 125, 126, 127, 130, 131, 132, 133, 134, 135, 143, 144, 145, 146, 147, 148]
[]
[26, 27, 28, 29, 30, 31, 32, 33, 75, 76, 77, 78, 79, 80, 81, 82, 83]
[43, 44, 45, 46, 47]
[506, 507, 508, 509, 510, 511, 512, 563, 564, 565, 566, 567, 568, 569, 570, 571, 572, 573]
[24, 25, 26, 27, 76, 77, 78, 79, 114, 115, 116, 117, 118]
[11, 12, 13, 14, 15, 16, 17, 18, 41, 42, 43, 44, 45, 46]
[6, 7, 8, 9, 10, 11]
[16, 17, 18, 19, 20, 21, 22, 23, 24, 25, 26, 28, 29, 30, 31, 32, 33]
[87, 88, 89, 90, 91, 92]
[]
[30, 31, 32, 33, 34, 35, 36, 79, 80, 81, 82, 83]
[12, 13, 14, 15, 16, 17]
[378, 379, 380, 381, 382, 383, 384]
[35, 36, 37, 38, 39, 40]
[17, 18, 19, 20, 21, 22, 23, 24, 25, 26]
[9, 10, 11, 22, 23, 24, 25, 26]
[]
[35, 36, 37, 38, 39, 40]
[78, 79, 80, 81, 82, 83]
[7, 8, 9, 10]
[37, 38, 39, 40, 41, 42, 43]
[]
[]
[0, 1, 2, 3, 20, 21, 22, 23, 41, 42, 43, 44, 45, 46, 47, 48]
[42, 43, 44, 45, 46, 47, 48, 49]
[64, 65, 66, 67, 68, 69, 70, 71, 72, 73, 168, 169, 170, 171, 172, 173, 194, 195, 196, 197, 694, 695, 696, 697, 798, 799, 800, 801, 802, 803, 804, 805, 851, 852, 853, 854]
[24, 25, 26, 27, 28, 29, 30, 31, 32, 33, 34, 35, 36, 37, 38, 39, 40, 41]
[16, 17, 18, 19, 20, 21, 83, 84, 85, 86, 87, 88, 89]
[]
[29, 30, 31, 32, 33, 34, 36, 37, 38, 39, 40, 41]
[]
[96, 97, 98, 99, 100, 101, 102, 103, 104]
[7, 8, 9, 10, 11, 12, 81, 82, 83, 84, 85, 86]
[23, 24, 25, 26, 27]
[48, 49, 50, 51, 52, 432, 433, 434, 435, 436, 437, 438, 439, 666, 667, 668, 669, 670, 671]
[23, 24, 25, 26, 27, 28]
[]
[135, 136, 137, 138, 139, 140]
[157, 158, 159, 160, 161]
[31, 32, 33, 34, 35, 36, 37, 50, 51, 52, 53, 54]
[10, 11, 12, 13, 14, 15, 16, 17, 18, 192, 193, 194, 195, 196, 197, 198, 200, 201, 202, 203]
[69, 70, 71, 72, 73, 74]
[28, 29, 30, 31, 32]
[457, 458, 459, 460, 461, 462]
[4, 5, 6, 7, 8, 9]
[62, 63, 64, 65, 66, 67, 68, 70, 71, 72, 73, 74]
[27, 28, 29, 30, 31, 32, 33]
[48, 49, 50, 51, 52]
[23, 24, 25, 26, 27]
[25, 26, 27, 28, 29, 30, 51, 52, 53, 54, 55, 56, 57, 58, 59]
[51, 52, 53, 54, 55, 56, 57, 58]
[11, 12, 13, 14, 15, 16, 82, 83, 84, 85, 86, 87, 88, 89]
[]
[5, 6, 7, 8, 9, 10, 125, 126, 127, 128, 129]
[6, 7, 8, 9, 10, 11]
[32, 33, 34, 35, 36, 37, 113, 114, 115, 116, 117, 118]
[10, 11, 12, 13, 14, 15, 16, 17, 18, 19]
[57, 58, 59, 60, 61, 62, 63, 64, 65, 66, 67, 69, 70, 71, 72, 73, 74]
[67, 68, 69, 70, 71]
[65, 66, 67, 68, 69, 70, 71, 72, 73, 74, 82, 83, 84, 85]
[]
[34, 35, 36, 37, 38]
[]
[11, 12, 13, 14, 15, 16, 17, 18, 19]
[31, 32, 33, 34, 35, 36, 37, 38, 39, 40]
[0, 1, 2, 3, 4, 5, 6]
[19, 20, 21, 22]
[6, 7, 8, 9, 10, 11]
[98, 99, 100, 101, 102, 103, 104, 105]
[54, 55, 56, 57, 58]
[91, 92, 93, 94, 95, 96]
[19, 20, 21, 22, 23]
[37, 38, 39, 40]
[359, 360, 361, 362]
[350, 351, 352, 353]
[176, 177, 178, 179, 180, 181]
[131, 132, 133, 134, 135, 136, 137, 138]
[27, 28, 29, 30, 31]
[358, 359, 360, 361, 362, 363, 454, 455, 456, 457]
[748, 749, 750, 751, 752, 753, 754, 755, 791, 792, 793, 794, 795, 796, 797, 798]
[490, 491, 492, 493, 494]
[]
[0, 1, 2, 3]
[11, 12, 13, 14, 15, 16, 17, 91, 92, 93, 94, 95, 96, 432, 433, 434, 435, 436, 437, 601, 602, 603, 604, 605, 876, 877, 878, 879, 880, 881]
[15, 16, 17, 18, 19, 20, 22, 23, 24, 25]
[]
[0, 1, 2]
[5, 6, 7, 8, 9]
[0, 1, 2, 3, 4, 5, 6, 7, 42, 43, 44, 45, 46, 150, 151, 152, 153, 268, 269, 270, 271, 272, 273, 274, 275]
[58, 59, 60, 61]
[148, 149, 150, 151]
[11, 12, 13, 14, 15, 203, 204, 205, 206, 207, 208, 209, 210, 211]
[15, 16, 17, 18, 19, 20, 21, 22, 28, 29, 30, 31, 32]
[111, 112, 113, 114, 317, 370, 371, 372, 373]
[0, 1, 2, 3, 4, 5]
[105, 106, 107, 108, 109, 110, 111, 175, 176, 177, 178]
[12, 13, 14, 15, 16, 17, 18, 19]
[61, 62, 63, 64, 65, 66, 67]
[100, 101, 102, 103, 104, 105, 106, 107, 108]
[380, 381, 382, 383, 384]
[0, 1, 2, 3, 4, 5, 6, 7, 8, 37, 38, 39]
[11, 12, 13, 14]
[14, 15, 16, 17, 18]
[59, 60, 61, 62, 63, 64, 65, 66, 67, 68, 127, 128, 129, 130, 131, 132]
[35, 36, 37, 38, 39]
[24, 25, 26, 27, 28, 29]
[47, 48, 49, 50, 188, 189, 190, 191, 192, 193, 194, 195, 196]
[146, 147, 148, 149, 150, 151, 152, 153, 168, 169, 170, 171, 172, 173, 174, 175, 176, 177, 192, 193, 194, 195, 196, 198, 199, 200, 201, 202, 203, 204, 205, 206]
[85, 86, 87, 88, 89, 90, 91, 92, 93]
[18, 19, 20, 21, 22, 23, 24, 25]
[90, 91, 92, 93, 94, 95, 97, 98, 99, 100, 101, 102, 103]
[39, 40, 41, 42, 43, 44]
[213, 214, 215, 216, 217, 218, 219, 220, 221, 223, 224, 225, 226, 227, 228, 229]
[88, 89, 90, 91, 92, 93, 125, 126, 127, 128]
[175, 176, 177, 178]
[54, 55, 56, 57, 58, 59, 60, 258, 259, 260, 261, 262, 355, 356, 357, 358, 359, 360, 361, 362, 363, 364]
[58, 59, 60, 61]
[30, 31, 32, 33, 34, 35]
[18, 19, 20, 21]
[46, 47, 48, 49]
[]
[258, 259, 260, 261, 262, 263, 264, 265]
[]
