[57, 58, 59, 60]
[0, 1, 2, 3, 9, 10, 11, 12, 13, 14, 15, 16]
[75, 76, 77, 78, 79, 80, 211, 212, 213, 214, 215, 216, 380, 381, 382, 383]
[28, 29, 30, 31, 89, 90, 91, 92, 93, 94, 95, 96, 97]
[]
[5, 6, 7, 8, 9]
[198, 199, 200, 201]
[18, 19, 20, 21, 22, 74, 75, 76, 77, 78, 79, 80, 81, 82]
[89, 90, 91, 92, 93, 94, 95, 96, 97, 210, 211, 212, 213, 214, 215, 216, 217, 218, 408, 409, 410, 411, 412, 413]
[31, 32, 33, 34, 35]
[234, 235, 236, 237, 238, 239, 296, 297, 298, 299, 300, 301, 302, 303, 304, 305]
[48, 49, 50, 51, 52, 53, 54, 55, 56, 73, 74, 75, 76]
[]
[277, 278, 279, 280, 281, 282, 283, 284, 556, 557, 558, 559, 560, 561, 562]
[23, 24, 25, 26, 27, 28, 29, 30, 31]
[32, 33, 34, 35, 36, 37, 38, 39, 40]
[113, 114, 115, 116, 117, 118, 119, 194, 195, 196, 197, 198, 199, 303, 304, 305, 306, 307, 308]
[0, 1, 2, 3, 4, 27, 28, 29, 30, 31]
[3, 4, 5, 6, 20, 21, 22, 23, 641, 642, 643, 644, 645, 646, 647, 648, 649, 650]
[16, 17, 18, 19, 20, 21]
[165, 166, 167, 168, 169, 170, 171, 173, 174, 175, 176, 177, 178, 179]
[80, 81, 82, 83, 84, 85, 86, 87]
[234, 235, 236, 237, 238, 239]
[80, 81, 82, 83, 84]
[156, 157, 158, 159, 160, 161, 338, 339, 340, 341, 342, 374, 375, 376, 377, 378, 379, 380, 381, 387, 388, 389, 390, 391, 392, 393, 394, 395, 396, 436, 437, 438, 439]
[]
[320, 321, 322, 323, 324, 325, 331, 332, 333, 334, 335, 342, 343, 344, 345, 346, 347]
[]
[41, 42, 43, 44, 45, 46]
[2, 3, 4, 5, 6, 12, 13, 14, 15, 16]
[4, 5, 6, 7, 8, 9, 10, 11]
[14, 15, 16, 17, 18, 19]
[32, 33, 34, 35, 36, 37, 38, 39, 40, 49, 50, 51, 52, 53, 54, 55]
[0, 1, 2, 3, 4]
[]
[4, 5, 6, 7, 8]
[14, 15, 16, 17, 18, 19]
[15, 16, 17, 18, 19, 20, 225, 226, 227, 228]
[73, 74, 75, 76, 77, 78]
[47, 48, 49, 50, 51, 57, 58, 59, 60, 61, 62]
[246, 247, 248, 249, 250, 251]
[0, 1, 2, 3, 10, 11, 12, 13, 14, 15, 16, 22, 23, 24, 25]
[367, 368, 369, 370, 371, 372, 373, 505, 506, 507, 508, 509, 510, 511, 722, 723, 724, 725, 726, 727, 728, 729, 730, 731]
[110, 111, 112, 113, 114, 115, 117, 118, 119, 120]
[185, 186, 187, 188, 229, 230, 231, 232, 233, 234]
[145, 146, 147, 148, 149, 284, 285, 286, 287, 288, 289, 295, 296, 297, 298, 299, 300, 306, 307, 308, 309, 320, 321, 322, 323]
[0, 1, 2, 3]
[302, 303, 304, 305, 306, 307]
[]
[14, 15, 16, 17, 18, 19, 86, 87, 88, 89, 90, 91]
[146, 147, 148, 149, 150, 151, 282, 283, 284, 285, 286, 287]
[39, 40, 41, 42, 43, 44]
[22, 23, 24, 25]
[35, 36, 37, 61, 62, 63, 64, 65, 66, 67, 68, 69, 82, 83, 84, 85]
[]
[102, 103, 104, 105, 106, 107]
[7, 8, 9, 10, 11, 12]
[]
[198, 199, 200, 201, 202, 203, 494, 495, 496, 497, 498, 499, 619, 620, 621, 622, 623, 624, 826, 827, 828, 829]
[202, 203, 204, 205, 206, 207, 208, 209, 210]
[99, 100, 101, 102, 103]
[8, 9, 10, 11, 12, 13, 14]
[16, 17, 18, 19, 20, 21, 22, 23, 24, 25, 26]
[5, 6, 7, 8, 535, 536, 537, 538, 539, 540]
[20, 21, 22, 23, 24, 189, 190, 191, 192, 193, 194, 195, 196, 197]
[4, 5, 6, 7]
[0, 1, 2, 3]
[59, 60, 61, 62, 63, 64, 65]
[143, 144, 145, 146, 147, 148, 149, 150, 151, 152]
[24, 25, 26, 27, 28, 29, 30, 31, 32]
[17, 18, 19, 20]
[]
[294, 295, 296, 297, 298, 299, 300, 301]
[43, 44, 45, 46, 47, 48]
[275, 276, 277, 278, 516, 517, 518, 519, 520, 521]
[8, 9, 10, 11, 12, 125, 126, 127, 128, 129]
[185, 186, 187, 188, 189, 190, 191]
[120, 121, 122, 123, 124, 125, 126, 127, 128]
[0, 1, 2, 3, 4]
[]
[]
[20, 21, 22, 23, 24, 25]
[0, 1, 2, 3, 4, 5, 6, 7, 8, 9]
[288, 289, 290, 291, 292, 293]
[156, 157, 158, 159, 160, 161, 163, 164, 165, 166, 167, 168]
[28, 29, 30, 31, 32, 33, 34, 35]
[5, 6, 7, 8, 9, 10, 11, 12, 213, 214, 215, 216, 217, 218]
[22, 23, 24, 25]
[74, 75, 76, 77, 78, 79, 80]
[15, 16, 17, 18, 19]
[20, 21, 22, 23, 24, 25, 82, 83, 84, 85, 86]
[]
[53, 54, 55, 56, 57]
[79, 80, 81, 82, 83, 84, 85, 86, 87, 153, 154, 155, 156, 157, 158, 159, 160]
[120, 121, 122, 123, 124, 125]
[14, 15, 16, 17, 18, 19, 196, 197, 198, 199, 200]
[7, 8, 9, 10, 11, 12, 13]
[]
[]
[14, 15, 16, 17, 18, 57, 58, 59, 60, 61, 62]
[]
[207, 208, 209, 210, 211, 212]
[9, 10, 11, 12, 13, 14, 94, 95, 96, 97, 98, 99, 100, 101, 102, 103, 167, 168, 169, 170, 171, 172]
[194, 195, 196, 197, 198, 199, 200, 201, 202, 203, 240, 241, 242, 243, 244, 245, 246, 247, 248, 249]
[45, 46, 47, 48, 49, 50, 51, 52, 53, 59, 60, 61, 62, 63, 64, 65, 66, 405, 406, 407, 408, 409, 410, 411, 412]
[]
[73, 74, 75, 76, 77]
[20, 21, 22, 23, 24, 30, 31, 32, 33, 34, 35, 57, 58, 59, 60, 61, 62, 63, 64]
[35, 36, 37, 38, 39, 40, 65, 66, 67, 68]
[224, 225, 226, 227]
[60, 61, 62, 63, 64, 65, 66, 161, 162, 163, 164, 165, 166, 167, 168]
[110, 111, 112, 113, 114]
[0, 1, 2, 3]
[14, 15, 16, 17, 18, 34, 35, 36, 37, 38, 39, 40, 41, 53, 54, 55, 56, 57, 58, 411, 412, 413, 414, 415, 416, 438, 439, 440, 441, 442, 443]
[]
[4, 5, 6, 7, 8, 9, 10, 11, 12]
[0, 1, 2, 3, 194, 195, 196, 197, 215, 216, 217, 218]
[84, 85, 86, 87, 88, 89, 90, 91, 105, 106, 107, 108, 109, 135, 136, 137, 138, 139, 140, 141, 142, 143, 144]
[]
[68, 69, 70, 71, 72, 73, 74, 75]
[49, 50, 51, 52, 53, 54]
[87, 88, 89, 90, 91, 92, 93, 94, 95, 96, 97, 98, 99, 100, 101, 102, 103]
[83, 84, 85, 86]
[99, 100, 101, 102]
[45, 46, 47, 48, 49, 50, 51, 52, 53, 54, 133, 134, 135, 136, 137, 138, 139, 140, 141, 142]
[27, 28, 29, 30, 31, 32, 33, 34, 35]
[60, 61, 62, 63]
[]
[196, 197, 198, 199, 200, 201]
[63, 64, 65, 66, 67, 68, 69, 70]
[]
[45, 46, 47, 48, 49, 50, 51]
[127, 128, 129, 130, 131, 132, 133, 147, 148, 149, 150, 151, 152, 153, 154, 155]
[4, 5, 6, 7, 8]
[36, 37, 38, 39, 40, 41, 101, 102, 103, 104, 105, 106]
[9, 10, 11, 12, 13, 14]
[]
[]
[40, 41, 42, 43, 44]
[81, 82, 83, 84, 85, 86, 87, 88]
[]
[66, 67, 68, 69, 70, 71, 72, 73]
[2, 3, 4, 5]
[13, 14, 15, 16]
[7, 8, 9, 10, 11, 12, 13, 14]
[196, 197, 198, 199, 200, 490, 491, 492, 493, 494, 495]
[30, 31, 32, 33, 34, 35, 60, 61, 62, 63, 64, 65]
[12, 13, 14, 15, 16, 17, 94, 95, 96, 97]
[52, 53, 54, 55, 56, 72, 73, 74, 75, 76, 77, 179, 180, 181, 182, 183, 184, 185, 186]
[9, 10, 11, 12, 13, 14, 15, 16, 17, 18]
[143, 144, 145, 146, 147, 148, 149, 150]
[]
[118, 119, 120, 121]
[61, 62, 63, 64, 65]
[7, 8, 9, 10, 11, 305, 306, 307, 308, 309]
[0, 1, 2, 3, 14, 15, 16, 18, 19, 20]
[76, 77, 78, 79, 80, 81]
[33, 34, 35, 36, 37, 38, 39, 40, 41]
[]
[213, 214, 215, 216, 217, 218, 219, 220, 221]
[54, 55, 56, 57, 58, 59]
[238, 239, 240, 241, 242]
[0, 1, 2, 3, 4]
[0, 1, 2, 3, 4, 6, 7, 8, 9, 10, 11]
[110, 111, 112, 113]
[15, 16, 17, 18, 19, 52, 53, 54, 55, 56, 57, 58]
[224, 225, 226, 227, 228, 229]
[34, 35, 36, 37, 38]
[242, 243, 244, 245, 246, 247, 248, 257, 258, 259, 260, 261]
[29, 30, 31, 32, 33, 165, 166, 167, 168, 169, 170]
[91, 92, 93, 94, 95]
[47, 48, 49, 50, 51, 80, 81, 82, 83, 84, 85]
[66, 67, 68, 69, 70, 71, 72, 85, 86, 87, 88, 146, 147, 148, 149, 150, 151, 202, 203, 204, 205, 206, 207, 208]
[155, 156, 157, 158, 159, 160, 161, 162]
[177, 178, 179, 180, 181, 182, 265, 266, 267, 268, 269, 270, 416, 417, 418, 419, 420, 421]
[68, 69, 70, 71, 72]
[44, 45, 46, 47, 48]
[8, 9, 10, 11, 12, 17, 18, 19, 20, 21, 22]
[45, 46, 47, 48, 49]
[4, 5, 6, 7, 8, 9]
[]
[]
[40, 41, 42, 43]
[194, 195, 196, 197, 198, 199, 200, 201, 202]
[77, 78, 79, 80, 81, 121, 122, 123, 124, 125, 126, 127, 128, 129, 130, 131]
[51, 52, 53, 54, 55, 56, 57, 58]
[465, 466, 467, 468, 469, 470, 471, 472, 473, 474]
[12, 13, 14, 15, 16]
[]
[14, 15, 16, 17, 18]
[213, 214, 215, 216, 217, 218, 235, 236, 237, 238, 239, 240, 241, 242, 243, 244]
[50, 51, 52, 53, 54, 55, 56, 57, 58, 59]
[142, 143, 144, 145, 146, 147]
[24, 25, 26, 27, 28, 29, 30, 31, 47, 48, 49, 50, 78, 79, 80, 81, 82]
[0, 1, 2, 3]
[62, 63, 64, 65, 66, 67, 68, 69]
[]
[]
[16, 17, 18, 19, 20, 559, 560, 561, 562, 563, 564]
[0, 1, 2, 3, 4, 5, 13, 14, 15, 16, 17, 18, 32, 33, 34, 35, 36, 37]
[]
[48, 49, 50, 51, 52]
[42, 43, 44, 45, 46, 47, 48]
[151, 152, 153, 154, 155, 278, 279, 280, 281, 282, 283]
[6, 7, 8, 9, 10, 11, 44, 45, 46, 47, 48, 49]
[208, 209, 210, 211, 212, 213]
[125, 126, 127, 128, 129, 130, 131, 132, 133]
[3, 4, 5, 6, 7, 8]
[145, 146, 147, 148, 149, 150, 151]
[685, 686, 687, 688, 689]
[20, 21, 22, 23, 24, 50, 51, 52, 53, 54, 55]
[24, 25, 26, 27, 28]
[70, 71, 72, 73, 384, 385, 386, 387, 500, 501, 502, 503, 504]
[62, 63, 64]
[9, 10, 11, 12, 13]
[475, 476, 477, 478, 479, 480, 486, 487, 488, 489, 490, 491, 492]
[]
[20, 21, 22, 23, 24, 25, 54, 55, 56, 57, 58, 59, 60, 61, 63, 64, 65, 66, 67, 68, 69, 70, 71]
[90, 91, 92]
[41, 42, 43, 44, 45, 46]
[187, 188, 189, 190, 191, 192]
[7, 8, 9, 10, 11, 12, 13, 73, 74, 75, 76, 77, 78, 79, 94, 95, 96, 97, 98, 99, 100]
[27, 28, 29, 260, 261, 262, 263, 264]
[13, 14, 15, 16, 17, 18, 19]
[]
[8, 9, 10]
[8, 9, 10, 11, 12, 13]
[71, 72, 73, 74, 75, 81, 82, 83, 84]
[]
[256, 257, 258, 259, 260, 261]
[]
[]
[]
[18, 19, 20, 21, 22, 23, 24, 25, 26, 27, 28, 29]
[11, 12, 13, 14, 15, 16, 17, 18]
[173, 174, 175, 176, 177]
[67, 68, 69, 70, 71]
[151, 152, 153, 154, 155, 156]
[0, 1, 2, 3, 4, 5, 315, 316, 317, 318, 319, 320]
[4, 5, 6, 7, 8, 26, 27, 28, 29, 30, 31, 32]
[135, 136, 137, 138, 139, 140, 141, 142, 143, 315, 316, 317, 318, 319, 320, 321, 322, 323, 440, 441, 442, 443, 444, 445, 446, 447, 448, 449, 450, 499, 500, 501, 502, 503, 504, 505, 506, 554, 555, 556, 557, 969, 970, 971, 972, 973, 974]
[163, 164, 165, 166, 167, 207, 208, 209, 210, 211, 284, 285, 286, 287, 288]
[18, 19, 20, 21, 22, 76, 77, 78, 79, 80]
[11, 12, 13, 14, 15, 16]
[23, 24, 25, 26, 27, 28, 29, 30, 48, 49, 50, 51, 52, 53]
[57, 58, 59, 60, 61, 62]
[85, 86, 87, 88, 99, 100, 101, 102, 103]
[]
[36, 37, 38, 39, 40, 41, 42, 43]
[104, 105, 106, 107, 108, 109]
[120, 121, 122, 123, 124, 125, 126, 127, 128, 129]
[29, 30, 31, 32, 33, 34, 35, 36, 122, 123, 124, 125, 126, 127, 128, 129, 130, 249, 250, 251, 252, 916, 917, 918, 919, 920, 921, 922]
[304, 305, 306, 307, 308, 309, 310]
[0, 1, 2, 3, 9, 10, 11, 12, 13, 14]
[37, 38, 39, 40, 41, 72, 73, 74, 75, 108, 109, 110, 111, 112, 113]
[5, 6, 7, 8, 9, 10, 11, 12, 100, 101, 102, 103, 104, 105, 106, 252, 253, 254, 255, 256, 313, 314, 315, 316]
[103, 104, 105, 106, 107, 108]
[13, 14, 15, 16, 17, 18, 24, 25, 26, 27, 28, 29, 73, 74, 75, 76]
[15, 16, 17, 18, 19]
[135, 136, 137, 138, 139, 140, 141, 142, 143]
[4, 5, 6, 7, 8, 9, 10, 11]
[144, 145, 146, 147, 148, 149]
[102, 103, 104, 105, 106, 107]
[24, 25, 26, 27, 28, 29, 103, 104, 105, 106, 107, 108, 109, 110, 111]
[132, 133, 134, 135, 308, 309, 310, 315, 316, 317, 318]
[464, 465, 466, 467, 468, 585, 586, 587, 588, 589, 686, 687, 688]
[]
[7, 8, 9, 10, 11, 12]
[12, 13, 14, 15, 16, 17, 18, 19, 20]
[18, 19, 20, 21, 22, 23, 94, 95, 96, 97, 320, 321, 322, 323, 341, 342, 343, 344, 491, 492, 493, 494]
[0, 1, 2, 3, 4, 5, 6, 7, 56, 57, 58, 59]
[6, 7, 8, 9, 10]
[77, 78, 79, 80, 81, 82, 83, 84, 104, 105, 106, 107]
[41, 42, 43, 44, 45, 46]
[129, 130, 131, 132, 133, 134, 135, 136]
[11, 12, 13, 14, 15, 16]
[0, 1, 2, 3, 4, 5, 6]
[8, 9, 10, 11, 12]
[31, 32, 33, 34, 35, 36, 37, 38, 39, 40, 41, 68, 69, 70, 71, 72, 209, 210, 211, 212, 213, 214]
[526, 527, 528, 529, 530, 531]
[]
[34, 35, 36, 37, 38, 39]
[25, 26, 27, 28, 29, 30, 31, 32]
[8, 9, 10, 11, 12, 86, 87, 88, 89, 90, 91]
[0, 1, 2, 3, 4, 5, 13, 14, 15, 16, 17, 18]
[4, 5, 6, 7, 8, 9, 10, 12, 13, 14, 15, 16, 17]
[29, 30, 31, 32, 33, 34, 35, 36, 37, 38]
[71, 72, 73, 74, 75, 76, 176, 177, 178, 179, 180, 181, 182, 183]
[5, 6, 7, 8, 9, 10, 11, 12]
[82, 83, 84, 85, 86, 87]
[24, 25, 26, 27, 28]
[39, 40, 41, 42, 43]
[2, 3, 4, 5, 6, 7]
[961, 962, 963, 964, 965, 966]
[26, 27, 28, 29, 30, 31]
[]
[4, 5, 6, 7, 8, 9, 45, 46, 47, 48, 49, 50, 51]
[48, 49, 50, 51, 52, 53, 54]
[0, 1, 2, 3, 5, 6, 7, 8, 9]
[12, 13, 14, 15, 16, 90, 91, 92, 93, 94]
[68, 69, 70, 71, 72, 73]
[7, 8, 9, 10, 11, 12, 58, 59, 60, 61, 62, 63]
[91, 92, 93, 94, 95, 96, 97, 98, 99, 109, 110, 111, 112, 113, 131, 132, 133, 134, 135, 136, 137, 138, 139]
[109, 110, 111, 112, 113, 114, 115]
[19, 20, 21, 22]
[144, 145, 146, 147, 148, 149, 150, 151, 152, 153, 154, 155]
[50, 51, 52, 53, 54, 60, 61, 62, 63, 64, 65, 66, 67, 68, 69, 70]
[0, 1, 2, 3]
[4, 5, 6, 7, 8]
[]
[25, 26, 27, 28, 29, 141, 142, 143, 144, 145, 146]
[5, 6, 7, 8, 9, 10, 195, 196, 197, 198, 199, 200]
[5, 6, 7, 8, 9, 10, 11, 12, 13, 195, 196, 197, 198, 199, 200, 201]
[360, 361, 362, 363, 364, 365]
[78, 79, 80, 81, 82, 83]
[36, 37, 38, 39, 40, 41, 42, 43, 382, 383, 384, 385, 386, 387]
[67, 68, 69, 70]
[11, 12, 13, 14, 19, 20, 21, 22, 23, 24, 29, 30, 31, 32, 33, 38, 39, 40, 41, 42, 43, 44, 45, 46, 47, 48, 49, 50, 51, 52, 53, 97, 98, 99, 100, 101, 102, 151, 152, 153, 154, 155, 156, 157, 158]
[33, 34, 35, 36, 37, 38, 39, 40]
[29, 30, 31, 32, 33, 34, 35, 36, 48, 49, 50, 51]
[]
[]
[28, 29, 30, 31, 32, 33]
[104, 105, 106, 107]
[24, 25, 26, 27, 28, 29, 30]
[5, 6, 7, 8]
[89, 90, 91, 92, 93, 94, 95, 141, 142, 143, 144]
[87, 88, 89, 90, 91]
[37, 38, 39, 40]
[37, 38, 39, 40, 138, 139, 140, 205, 206, 207, 208, 209]
[]
[12, 13, 14, 15, 16, 17, 18, 19, 20, 32, 33, 34, 35]
[13, 14, 15, 16, 17]
[2, 3, 4, 5, 6, 7, 8]
[0, 1, 2, 3, 5, 6, 7, 8, 9]
[263, 264, 265, 266, 267, 268]
[]
[]
[210, 211, 212, 213, 235, 236, 237, 238]
[29, 30, 31, 32]
[126, 127, 128, 129, 130, 131, 132]
[0, 1, 2, 3, 4, 5, 8, 9, 10, 11, 12, 13, 52, 53, 54, 55]
[252, 253, 254, 255, 256, 257, 258, 466, 467, 468, 469, 470, 471, 472, 473, 474, 475]
[]
[62, 63, 64, 65, 66, 67]
[14, 15, 16, 17, 18, 19, 20, 21, 27, 28, 29, 30, 31]
[161, 162, 163, 164, 165, 166, 167, 168, 191, 192, 193, 194, 195, 196, 197, 198, 201, 202, 203, 204, 205, 206, 207, 208]
[9, 10, 11, 12, 13, 14]
[]
[129, 130, 131, 132, 133, 134]
[35, 36, 37, 38, 39, 43, 44, 45, 46, 47, 65, 66, 67, 68, 69, 70, 71, 72, 74, 75, 76, 77, 78, 79, 80, 81, 82]
[103, 104, 105, 106, 107, 108, 109, 110]
[29, 30, 31, 32, 33, 34, 35, 36, 37]
[13, 14, 15, 16, 17]
[31, 32, 33, 34, 35, 36, 37, 38]
[67, 68, 69, 70, 71, 72, 73, 79, 80, 81, 82, 83, 84, 85, 86, 87, 114, 115, 116, 117, 118, 119, 120, 121, 122, 124, 125, 126, 127, 128, 129, 130, 131, 132]
[21, 22, 23, 24, 25, 26, 27, 28, 29, 132, 133, 134, 135, 136, 137, 138, 139]
[34, 35, 36, 37, 38, 39, 40, 41]
[10, 11, 12, 13, 14, 17, 18, 19, 20]
[58, 59, 60, 61, 62, 63, 64]
[61, 62, 63, 64, 65, 66, 539, 540, 541, 542, 543, 544, 548, 549, 550, 551, 552, 553, 557, 558, 559, 560, 561, 562]
[32, 33, 34, 35, 36]
[15, 16, 17, 18, 19, 20, 161, 162, 163, 164, 165, 166, 167, 168]
[156, 157, 158, 159, 160, 161, 347, 348, 349, 350, 351, 352, 407, 408, 409, 410, 411, 412]
[]
[108, 109, 110, 111, 112, 113, 114, 115, 116]
[44, 45, 46, 47]
[]
[]
[140, 141, 142, 143, 144, 145, 146, 147]
[]
[9, 10, 11, 12, 13, 14, 39, 40, 41, 42, 43]
[143, 144, 145, 146, 147, 220, 221, 222, 223, 224, 225, 227, 228, 229, 230, 231, 232, 233, 234, 235]
[29, 30, 31, 32]
[197, 198, 199, 200, 201, 202, 203, 204, 205, 208, 209, 210, 211, 212, 213, 214]
[75, 76, 77, 78, 79, 80, 81, 82, 83, 121, 122, 123, 124, 125, 126, 127, 128, 129, 130]
[14, 15, 16, 17, 18, 320, 321, 322, 323, 324, 325, 326, 327]
[95, 96, 97, 98, 99, 100, 101, 102]
[45, 46, 47, 48, 49, 50, 51]
[41, 209, 210, 211, 212, 213, 214, 215, 272, 273, 274, 275, 276, 277]
[4, 5, 6, 7, 8, 120, 121, 122, 123, 124, 125, 126, 152, 153, 154, 155]
[830, 831, 832, 833, 834, 835]
[22, 23, 24, 25]
[]
[399, 400, 401, 402, 403]
[24, 25, 26, 27, 50, 51, 52, 53, 73, 74, 75, 76]
[154, 155, 156, 157, 158, 159, 160]
[29, 30, 31, 32, 33, 34, 35, 176, 177, 178, 179, 180, 181]
[39, 40, 41, 42, 43, 44, 45, 46]
[20, 21, 22, 23, 24]
[196, 197, 198, 199]
[93, 94, 95, 96, 97, 98]
[113, 114, 115, 116, 117, 118]
[662, 663, 664, 665, 666, 667, 668, 669]
[211, 212, 213, 214, 215, 216]
[]
[7, 8, 9, 10, 11, 12, 13, 50, 51, 52, 53, 54]
[44, 45, 46, 47, 48, 49, 50, 183, 184, 185, 186, 187]
[13, 14, 15, 16, 17, 18, 19, 20]
[34, 35, 36, 37, 38]
[310, 311, 312, 313, 314]
[94, 95, 96, 97, 98, 99, 100]
[23, 24, 25, 26]
[377, 378, 379, 380, 381, 382, 383]
[214, 215, 216, 217, 218, 219, 220, 221, 222, 224, 225, 226, 227, 228, 229, 230, 231]
[7, 8, 9, 10, 11, 12, 107, 108, 109, 110]
[7, 8, 9, 10, 11, 12]
[5, 6, 7, 8, 9, 10]
[]
[48, 49, 50, 51, 52, 53, 54, 55, 56, 57, 58, 59, 61, 62, 63, 64]
[30, 31, 32, 33, 34, 35, 36, 37, 38]
[46, 47, 48, 49, 50, 51, 52, 53, 54, 241, 242, 243, 244, 245, 246]
[64, 65, 66, 67, 68, 69, 72, 73, 74, 75, 76, 77]
[0, 1, 2, 3, 4, 5, 6, 7, 9, 10, 11, 12, 13, 14, 487, 488, 489, 490, 491, 492]
[52, 53, 54, 55, 56, 57, 58]
[0, 1, 2, 3, 4, 5, 6, 7, 8]
[72, 73, 74, 75, 76, 77, 78, 79, 88, 89, 90, 91, 92, 93, 94, 95, 96, 97]
[47, 48, 49, 50, 51, 52]
[159, 160, 161, 162, 163]
[]
[]
[191, 192, 193, 194, 195, 196]
[22, 23, 24, 25, 26, 27, 28]
[273, 274, 275, 276, 277, 278, 279, 280, 281, 282, 395, 396, 397, 398, 399, 400, 474, 475, 476, 477, 478, 479]
[5, 6, 7, 8, 9, 10, 11, 290, 291, 292, 293, 294, 295, 399, 400, 401, 402, 403, 404]
[49, 50, 51, 52, 53, 54, 55, 56, 57, 58, 548, 549, 550, 551, 552, 553, 554, 555]
[30, 31, 32, 33]
[49, 50, 51, 52, 53, 54, 55, 56, 93, 94, 95, 96, 97, 98]
[19, 20, 21, 22, 23, 24, 91, 92, 93, 94, 95, 96, 127, 128, 129, 130, 131, 132, 150, 151, 152, 153, 154, 155, 224, 225, 226, 227, 228, 229, 231, 232, 233, 234, 235, 236]
[19, 20, 21, 22, 23, 24]
[]
[]
[33, 34, 35, 36, 37]
[128, 129, 130, 131, 132, 133, 134, 135, 136, 137]
[52, 53, 54, 55, 56, 57, 58, 59, 60, 61, 62, 63, 65, 66, 67, 68]
[75, 76, 77, 78, 79, 97, 98, 99, 100]
[41, 42, 43, 44, 45, 46, 387, 388, 389, 390, 391]
[67, 68, 69, 70]
[56, 57, 58, 59, 60, 61, 62, 63, 64, 65]
[29, 30, 31, 32, 33, 34, 35]
[22, 23, 24, 25, 26]
[66, 67, 68, 69, 70, 71, 72]
[141, 142, 143, 144, 145, 146, 219, 220, 221, 222, 223]
[]
[22, 23, 24, 25, 26, 27]
[23, 24, 25, 26, 27, 28, 29, 30, 31, 32]
[0, 1, 2, 3, 4, 5, 15, 16, 17, 18, 19, 20, 58, 59, 60, 61, 62]
[277, 278, 279, 280, 281]
[31, 32, 33, 34, 35, 36, 37, 38]
[38, 39, 40, 41, 42, 106, 107, 108, 109, 110, 241, 242, 243, 244, 245, 246, 247, 248, 249]
[28, 29, 30, 31, 32]
[5, 6, 7, 8, 9, 10, 23, 24, 25, 26, 27, 28]
[62, 63, 64, 65, 66, 67]
[59, 60, 61, 62, 147, 148, 149, 150, 151]
[148, 149, 150]
[]
[10, 11, 12, 13]
[0, 1, 2, 3, 4, 5, 6, 7, 8, 9, 378, 379, 380, 381, 382, 383, 384, 385, 386, 387, 388]
[]
[55, 56, 57, 58, 59, 60, 61, 62, 114, 115, 116, 117, 118, 119, 120, 121, 122]
[]
[]
[86, 87, 88, 89, 90]
[308, 309, 310, 311, 312, 416, 417, 418, 419, 420]
[201, 202, 203, 204, 205, 206, 207, 208, 209, 210, 211, 212]
[79, 80, 81, 82, 83, 84, 85, 86, 87, 113, 114, 115, 116, 117]
[4, 5, 6, 7, 8, 9, 122, 123, 124, 125, 126, 127, 128]
[12, 13, 14, 15, 16, 17, 18, 276, 277, 278, 279, 280, 281, 282, 283, 284]
[193, 194, 195, 196, 197, 198]
[223, 224, 225, 226, 227, 228, 229, 230]
[36, 37, 38, 39, 40]
[127, 128, 129, 130, 131]
[47, 48, 49, 50, 51, 52]
[32, 33, 34, 35, 36, 37]
[0, 1, 2, 3, 4]
[409, 410, 411, 412, 413, 414, 415, 416, 417]
[19, 20, 21, 22, 23, 24, 25, 26, 27, 122, 123, 124, 125, 126, 127, 128, 129, 130, 131]
[92, 93, 94, 95, 96, 97, 98]
[12, 13, 14, 15, 16, 17, 18, 23, 24, 25, 26, 27, 28]
[0, 1, 2, 3, 4, 5, 65, 66, 67, 68, 69, 70, 71, 72, 73]
[39, 40, 41, 42, 43, 44]
[37, 38, 39]
[24, 25, 26, 27, 28, 29]
[53, 54, 55, 56, 57, 58]
[236, 237, 238, 239, 240, 241, 242, 243, 244, 440, 441, 442, 443, 444, 449, 450, 451, 452, 541, 542, 543, 544, 545, 546, 547, 548, 549]
[62, 63, 64, 65]
[26, 27, 28, 29, 30, 31]
[59, 60, 61, 62, 63, 64]
[11, 12, 13, 14, 15]
[107, 108, 109, 110, 111]
[31, 32, 33, 34, 35, 36, 37, 205, 206, 207, 208, 209, 210, 258, 259, 260, 261, 262]
[10, 11, 12, 13, 14]
[19, 20, 21, 22, 23, 24, 25, 26, 27]
[54, 55, 56, 57, 58, 59, 276, 277, 278, 279, 280, 281, 282]
[9, 10, 11, 12, 13, 14, 15, 16]
[19, 20, 21]
[21, 22, 23, 24, 25]
[30, 31, 32, 33, 34, 35, 36, 37]
[0, 1, 2, 3, 4, 5, 11, 12, 13, 14, 15, 16, 17, 18, 19, 20, 21]
[30, 31, 32, 33]
[295, 296, 297, 298, 299, 300, 301, 302, 303]
[70, 71, 72, 73, 74, 75, 76, 77, 78, 94, 95, 96, 97, 98, 99, 100, 101, 102, 103, 104, 121, 122, 123, 124, 125, 126, 127, 128, 227, 228, 229, 230, 231, 232, 278, 279, 280, 281, 282, 283]
[33, 34, 35, 36, 37, 38]
[153, 154, 155, 156, 157, 158, 159, 160, 198, 199, 200, 201, 202, 203]
[54, 55, 56, 57, 58]
[14, 15, 16, 17, 18, 19, 20, 21, 22, 32, 33, 34, 35, 36, 143, 144, 145, 146, 147, 148, 149]
[]
[18, 19, 20, 21, 27, 28, 29, 30, 31, 32]
[29, 30, 31, 32, 33, 34, 35, 36, 77, 78, 79, 80, 81]
[61, 62, 63, 64]
[29, 30, 31, 32, 33, 34, 35, 36, 37, 39, 40, 41, 42, 43, 44, 45]
[171, 172, 173, 174, 175]
[10, 11, 12, 13, 14, 15]
[0, 1, 2, 3, 4, 5, 67, 68, 69, 70, 71]
[66, 67, 68, 69, 70, 206, 207, 208, 209, 210, 211, 212, 213]
[111, 112, 113, 114, 115, 116, 117, 118, 119, 120]
[11, 12, 13, 14, 15, 94, 95, 96, 97, 98, 99, 100]
[282, 283, 284, 285]
[20, 21, 22, 23, 24, 25]
[0, 1, 2, 3, 4, 5, 6, 7, 8]
[285, 286, 287, 288, 289]
[189, 190, 191, 192, 193, 203, 204, 205, 206, 207, 208, 211, 212, 213, 214, 215, 216, 217, 218, 221, 222, 223, 224, 225, 226, 227, 228, 231, 232, 233, 234, 235, 236, 374, 375, 376, 377, 378, 379, 380, 381]
[686, 687, 688, 689, 690, 691]
[89, 90, 91, 92, 93, 94, 95, 96, 108, 109, 110, 111, 112, 113, 114, 115, 116, 117]
[59, 60, 61, 62, 63]
[116, 117, 118, 119, 120, 121, 122]
[225, 226, 227, 228, 229, 230]
[0, 1, 2, 3, 4, 5, 6, 7]
[317, 318, 319, 320, 321, 322]
[12, 13, 14, 15, 16]
[59, 60, 61, 62, 63, 64, 65, 110, 111, 112, 113, 114, 115, 116, 117, 119, 120, 121, 122]
[277, 278, 279, 280, 281, 282, 283, 284]
[0, 1, 2, 3]
[28, 29, 30, 31, 32, 33, 34]
[78, 79, 80, 81, 82]
[68, 69, 70, 71, 72, 123, 124, 125, 126, 127]
[503, 504, 505, 506, 733, 734, 735, 736, 737, 738, 739, 740, 741, 742, 743, 744, 745, 746, 747, 748, 986, 987, 988, 989, 990, 991]
[175, 176, 177, 178, 179]
[]
[37, 38, 39, 40, 41, 42, 49, 50, 51, 52]
[45, 46, 47, 48, 49]
[]
[500, 501, 502, 503]
[209, 210, 211, 212, 213, 214]
[182, 183, 184, 185, 186, 187]
[63, 64, 65, 66, 67, 68, 82, 83, 84, 85]
[26, 27, 28, 29, 30]
[48, 49, 50, 51, 52, 53, 54, 55, 235, 236, 237, 238, 305]
[143, 144, 145, 146, 147]
[28, 29, 30, 31, 32, 65, 66, 67, 68, 69, 70, 71, 72, 73]
[146, 147, 148, 149, 150, 151, 152, 196, 197, 198, 199, 200, 201, 202]
[0, 1, 2, 3, 4, 5, 6, 7]
[948, 949, 950, 951, 952, 953]
[65, 66, 67, 68]
[24, 25, 26, 27, 28]
[17, 18, 19, 20, 21, 22, 28, 29, 30, 31, 32, 33, 34, 35]
[15, 16, 17, 18, 19]
[49, 50, 51, 52, 53, 54, 55, 56, 57, 58]
[7, 8, 9, 10, 11, 12]
[18, 19, 20, 21, 22, 23]
[10, 11, 12, 13, 14, 35, 36, 37, 38, 39]
[552, 553, 554, 555, 556, 557, 558, 559, 560, 561]
[35, 36, 37, 38, 39, 40, 61, 62, 63, 64]
[269, 270, 271, 272, 273, 274, 275, 276, 277, 278]
[27, 28, 29, 30, 31, 32]
[40, 41, 42, 43, 44, 45, 46]
[87, 88, 89, 90, 130, 131, 132, 133, 134, 135]
[139, 140, 141, 142, 259, 260, 261, 262, 263, 264, 265, 266, 267, 268, 270, 271, 272, 273, 274, 275, 276, 277, 278, 279, 280, 281, 282, 283, 284, 285, 286, 287]
[48, 49, 50, 51, 52, 53]
[92, 93, 94, 95, 96, 97]
[114, 115, 116, 117, 118, 119]
[58, 59, 60, 61, 62, 63, 64, 65]
[15, 16, 17, 18]
[50, 51, 52, 53, 54, 55, 56, 57]
[288, 289, 290, 291, 379, 380, 381, 382]
[69, 70, 71, 72, 73]
[284, 285, 286, 287, 288, 289, 290, 291, 292]
[55, 56, 57, 58, 59, 60, 107, 108, 109, 110, 111, 112]
[292, 293, 294, 295, 296, 297]
[27, 28, 29, 30, 31, 32, 33, 34, 35]
[]
[16, 17, 18, 19, 155, 156, 157, 158, 159, 189, 190, 191, 349, 350, 351]
[100, 101, 102, 103, 104, 105]
[]
[30, 31, 32, 33, 34, 35]
[262, 263, 264, 265, 266, 268, 269, 270, 271, 272, 273, 274, 275, 387, 388, 389, 390]
[]
[]
[135, 136, 137, 138, 139, 140]
[37, 38, 39, 40, 41, 42, 43]
[15, 16, 17, 18, 19, 20, 21]
[62, 63, 64, 65, 66, 67, 68, 69, 70, 154, 155, 156, 157, 158, 159, 160, 161, 219, 220, 221, 222, 223, 224, 230, 231, 232, 233, 234, 235, 236, 237]
[213, 214, 215, 216, 217, 218]
[29, 30, 31, 32, 33, 34, 35, 36, 37]
[529, 530, 531, 532, 533]
[26, 27, 28, 29, 30, 31, 282, 283, 284, 285, 286]
[]
[73, 74, 75, 76, 77, 159, 160, 161, 162, 163]
[89, 90, 91, 92, 93, 94, 227, 228, 229, 230, 231, 232, 238, 239, 240, 241, 242, 243, 244, 245, 246, 247, 248, 249]
[107, 108, 109, 110, 111, 112, 113, 114, 128, 129, 130, 131, 132]
[46, 47, 48, 49, 50]
[0, 1, 2, 3, 4, 5, 6]
[101, 102, 103, 104, 134, 135, 136, 137, 138, 139, 140, 141, 142, 143, 157, 158, 159, 160, 161]
[40, 41, 42, 43, 45, 46, 47, 48]
[12, 13, 14, 15, 16, 17, 18, 19, 20, 22, 23, 24, 25]
[16, 17, 18, 19, 20, 65, 66, 67, 68, 133, 134, 135, 136, 137]
[5, 6, 7, 8, 9, 38, 39, 40, 41, 42]
[88, 89, 90, 91, 127, 128, 129, 130, 131, 132, 133, 134, 135, 136, 137, 138]
[]
[4, 5, 6, 7, 8, 9, 10, 11, 270, 271, 272, 273, 274, 275]
[103, 104, 105, 106, 107]
[19, 20, 21, 22, 23, 24, 25, 26, 27, 97, 98, 99, 100, 101, 158]
[35, 36, 37, 38, 39, 113, 114, 115, 116]
[123, 124, 125, 126, 127]
[70, 71, 72, 73, 74]
[14, 15, 16, 17, 18, 19, 36, 37, 38, 39, 40, 41]
[69, 70, 71, 72, 73, 74, 75]
[160, 161, 162, 163, 164, 165, 166, 167, 168]
[35, 36, 37, 38, 39, 76, 77, 78, 79, 80]
[289, 290, 291, 292, 293, 294, 295, 364, 365, 366, 367, 368, 369, 370, 371]
[]
[]
[9, 10, 11, 12, 24, 25, 26, 27]
[4, 5, 6, 7, 8, 9, 10, 11, 12, 276, 277, 278, 279, 280, 296, 297, 298, 299, 300, 301, 302]
[0, 1, 2, 3, 12, 13, 14, 15, 16, 17, 18, 19, 20]
[10, 11, 12, 13]
[]
[29, 30, 31, 32, 33, 194, 195, 196]
[20, 21, 22, 23, 24, 25, 26, 28, 29, 30, 31, 32, 33, 34, 35]
[263, 264, 265, 266, 267, 268, 269, 270, 271]
[0, 1, 2, 3]
[]
[55, 56, 57, 58, 59, 60, 61, 62, 63]
[]
[177, 178, 179, 180, 181, 182, 183, 184, 185]
[283, 284, 285, 286, 287, 288]
[35, 36, 37, 38, 39, 40, 136, 137, 138, 139, 140, 200, 201, 202, 203, 204, 205]
[]
[32, 33, 34, 35, 36]
[24, 25, 26, 27]
[]
[101, 102, 103, 104, 105]
[36, 37, 38, 39, 40, 41, 42, 43]
[10, 11, 12]
[5, 6, 7, 8, 9, 72, 73, 74, 75, 76]
[44, 45, 46, 47, 48, 109, 110, 111, 112, 113]
[10, 11, 12, 13, 18, 19, 20, 21, 22, 23, 269, 270, 271, 272, 273]
[]
[8, 9, 10, 11, 12]
[167, 168, 169, 170, 171, 172, 173]
[73, 74, 75, 76, 77, 78]
[347, 348, 349, 350, 351, 367, 368, 369, 370, 371]
[6, 7, 8, 9, 10, 11, 12, 13, 14, 35, 36, 37, 38, 39, 40, 41, 42, 50, 51, 52, 53, 54, 55]
[219, 220, 221, 222, 223, 224]
[17, 18, 19, 20, 21, 22, 23, 24, 25, 26, 27, 69, 196, 197, 198, 199, 200, 201, 202]
[74, 75, 76, 77, 78, 79, 80, 82, 83, 84, 85, 86, 87, 88, 89]
[22, 23, 24, 25, 26, 27, 28, 29, 169, 170, 171, 172, 173, 174, 175, 233, 234, 235, 236, 278, 279, 280, 281, 282, 283]
[]
[58, 59, 60, 61, 137, 138, 139, 140, 170, 171, 172, 173, 204, 205, 206, 207, 208, 209, 210, 240, 241, 242, 243, 244, 245, 287, 288, 289, 290, 291, 292, 293, 369, 370, 371, 372, 373, 374, 375, 376, 429, 430, 431, 432, 433, 434, 435]
[]
[33, 34, 35, 36, 37]
[80, 81, 82, 83, 84, 85, 86, 87]
[33, 34, 35, 36, 37, 38]
[]
[8, 9, 10, 11, 12, 13, 14, 15, 16, 17, 18]
[13, 14, 15, 16, 17, 18, 19, 802, 803, 804, 805, 806, 807, 808, 809, 909, 910, 911, 912, 913, 914, 915]
[117, 118, 119, 120, 121, 122]
[108, 109, 110, 111, 112, 113, 114]
[22, 23, 24, 25, 26, 27, 28, 29, 30]
[9, 10, 11, 12, 13, 14, 16, 17, 18, 19, 20]
[63, 64, 65, 66, 67, 182, 183]
[209, 210, 211, 212]
[11, 12, 13, 14, 15]
[15, 16, 17, 18, 19, 20, 161, 162, 163, 164, 165, 166, 167, 168]
[58, 59, 60, 61]
[43, 44, 45, 46]
[]
[131, 132, 133, 134, 135]
[15, 16, 17, 18, 115, 116, 117, 118]
[41, 42, 43, 44, 45, 46, 47, 48, 49, 50, 187, 188, 189, 190, 191]
[16, 17, 18, 19, 36, 37, 38, 39]
[10, 11, 12, 13, 14, 15, 16, 17, 18, 37, 38, 39, 40, 41, 42, 43]
[30, 31, 32, 33, 34]
[98, 99, 100, 101, 102, 103]
[]
[13, 14, 15, 16, 17, 18, 19]
[50, 51, 52, 53, 54, 55]
[21, 22, 23, 24, 25]
[4, 5, 6, 7, 8, 14, 15, 16, 17, 18, 19, 21, 22, 23, 24, 25]
[175, 176, 177, 178, 179, 180, 197, 198, 199, 200]
[8, 9, 10, 11, 12, 13, 14, 15, 16, 17, 18]
[8, 9, 10, 11, 12]
[170, 171, 172, 173, 174, 175, 176, 177, 180, 181, 182, 183, 184, 185, 186, 187, 188, 189, 190, 191, 192]
[35, 36, 37, 38, 39, 40, 41]
[]
[92, 93, 94, 95, 96]
[43, 44, 45, 46, 47, 48, 49]
[31, 32, 33, 34, 52, 53, 54, 55, 56, 57, 129, 130, 131, 132, 133, 134, 135]
[256, 257, 258, 259, 260]
[124, 125, 126, 127]
[78, 79, 80, 81, 82, 83, 126, 127, 128, 129, 130, 131, 132, 133, 134, 135]
[12, 13, 14, 15, 16]
[565, 566, 567, 568, 569, 570, 571, 572, 573, 574]
[34, 35, 36, 37, 65, 66, 67, 68, 69, 70]
[35, 36, 37, 38, 109, 110, 111, 112]
[0, 1, 2, 3, 4, 5]
[58, 59, 60, 61, 62, 63, 64, 65]
[24, 25, 26, 27, 28]
[30, 31, 32, 33, 34, 78, 79, 80, 81, 82, 83]
[9, 10, 11, 12, 13, 14, 15, 16]
[51, 52, 53, 54, 55, 56]
[209, 210, 211, 212]
[66, 67, 68, 69, 70, 71, 72, 157, 158, 159, 160, 161]
[21, 22, 23, 24, 25]
[10, 11, 12, 13, 14, 15, 16, 31, 32, 33, 34, 35, 36, 37]
[438, 439, 440, 441, 442, 443, 454, 455, 456]
[1, 2, 3, 4, 19, 20, 21, 22, 23, 24, 29, 30, 31, 32, 85, 86, 87, 88, 89, 90, 91, 162, 163, 164, 165, 166, 167, 168, 169]
[606, 607, 608, 609, 610, 611]
[]
[26, 27, 28, 29, 30, 31, 32, 102, 103, 104, 105, 106, 107, 108, 109]
[160, 161, 162, 163, 164]
[15, 16, 17, 18, 19, 20, 21, 22, 23, 24, 25, 82, 83, 84, 85, 86, 175, 176, 177, 178, 179]
[19, 20, 21, 22, 23, 24]
[19, 20, 21, 22, 23, 24]
[352, 353, 542, 543, 544, 545, 546, 547, 548, 602, 603, 604, 606, 607, 608, 609, 610, 611]
[]
[39, 40, 41, 42, 43, 44, 45, 46]
[7, 8, 9, 10, 11, 12]
[130, 131, 132, 133, 134, 135, 136, 137, 138, 139, 216, 217, 218, 219, 220, 222, 256, 257, 258, 259, 260, 261, 326, 327, 328, 329, 330, 331, 337, 338, 339, 340, 341, 342]
[91, 92, 93, 94]
[108, 109, 110, 111, 112, 546, 547, 548, 549, 550, 551, 552, 553, 554]
[8, 9, 10, 11, 64, 65, 66, 67, 68, 69, 70, 71, 72, 175, 176, 177, 178, 179, 180, 181]
[346, 347, 348, 349, 350]
[45, 46, 47, 48, 49, 50]
[23, 24, 25, 26, 27]
[141, 142, 143, 144, 145, 146]
[0, 1, 2, 3, 4, 5, 7, 8, 9, 10, 11, 12, 13, 14, 15]
[61, 62, 63, 64, 65, 66, 265, 266, 267, 268, 269, 270, 271, 272, 273, 274, 275]
[12, 13, 14, 15, 16, 17, 18, 19, 20, 21, 103, 104, 105, 106, 107, 108]
[6, 7, 8, 9, 10]
[407, 408, 409, 410, 411, 412, 413, 414, 415]
[617, 618, 619, 620, 621, 622, 623, 624, 625, 626, 841, 842, 843, 844, 845]
[374, 375, 376, 377, 378, 379, 380, 551, 552, 553, 554, 555, 556, 557, 558]
[8, 9, 10, 11, 12]
[114, 115, 116, 117, 118]
[117, 118, 119, 120, 121, 122, 123, 124, 125, 272, 273, 274, 275, 276, 277, 278]
[27, 28, 29, 30, 31]
[79, 80, 81, 82, 83, 84]
[11, 12, 13, 14, 15, 402, 403, 404, 405, 406, 407, 408, 409]
[132, 133, 134]
[4, 5, 6, 7, 8, 9]
[24, 25, 26, 27, 28, 45, 46, 47, 48, 49, 96, 97, 98, 99]
[0, 1, 2, 3, 4]
[106, 107, 108, 109, 110, 111, 112, 113, 114, 115, 116, 117, 118]
[0, 1, 2, 3, 4, 5, 6, 7, 8, 21, 22, 23, 24, 25]
[6, 7, 8, 9, 97, 98, 99, 100, 101, 102, 103, 104, 105, 106, 238, 239, 240, 241, 242, 243, 244, 245, 246, 247]
[0, 1, 2, 3, 4, 5, 6, 7, 8, 9]
[324, 325, 326, 327, 328, 329, 330, 331, 332, 427, 428, 429, 430, 431, 432, 433, 434, 435, 538, 539, 540, 541, 542, 543, 544, 545, 546, 728, 729, 730, 731, 732, 733, 734, 735, 736, 756, 757, 758, 759, 760, 761, 762, 763, 764, 773, 774, 775, 776, 777, 778, 779, 780, 781, 809, 810, 811, 812, 813, 814, 815, 816, 817]
[80, 81, 82, 83, 84, 85]
[171, 172, 173, 174, 175, 176, 177, 178]
[30, 31, 32, 33, 34, 35]
[134, 135, 136, 137, 138, 139, 142, 143, 144, 145, 146, 147, 148, 149, 162, 163, 164, 165, 166, 167, 168, 169, 170, 171]
[14, 15, 16, 17, 18, 19]
[0, 1, 2, 3, 4, 5, 102, 103, 104, 105]
[148, 149, 150, 151, 152, 153, 154, 155, 156, 157]
[0, 1, 2, 3, 4, 5, 6, 33, 34, 35, 36, 37, 353, 354, 355, 356, 357, 358, 359, 360, 361]
[4, 5, 6, 7, 8, 9, 10, 11, 132, 133, 134, 135, 136, 137, 138, 139]
[10, 11, 12, 13]
[689, 690, 691, 692, 693, 694, 695, 696]
[822, 823, 824, 825, 826, 827]
[138, 139, 140, 141, 142, 143]
[214, 215, 216, 224, 225, 226]
[110, 111, 112, 113, 114, 115, 116, 117, 169, 170, 171, 172, 173, 174, 175, 176]
[9, 10, 11, 12, 13, 14]
[62, 63, 64, 65, 66, 67]
[65, 66, 67, 68]
[8, 9, 10, 11, 12, 13, 14]
[7, 8, 9, 10, 11, 12]
[]
[]
[12, 13, 14, 15, 16, 17, 18]
[]
[263, 264, 265, 266, 267, 268, 269]
[101, 102, 103, 104, 105, 106, 107, 108, 109, 110]
[]
[5, 6, 7, 8, 9, 78, 79, 80, 81]
[0, 1, 2, 3, 4, 5, 6, 7, 8, 9, 73, 74, 75, 76, 204, 205, 206, 207, 250, 251, 252, 253, 254, 255, 256, 257]
[21, 22, 23, 24, 25, 26, 27, 28, 29]
[0, 1, 2, 3, 4, 5, 6, 7, 8]
[69, 70, 71, 72]
[243, 244, 245, 246, 247, 248, 249, 274, 275, 276, 277, 278, 279, 280, 281]
[146, 147, 148, 149, 150]
[0, 1, 2, 3, 4, 163, 164, 165, 166]
[125, 126, 127, 128]
[43, 44, 45, 46, 47, 48]
[13, 14, 15, 16, 17, 18, 19, 20, 542, 543, 544, 545, 546, 547]
[23, 24, 25, 26, 27, 45, 46, 47, 48, 49]
[272, 273, 274, 275, 276, 277, 278, 279]
[212, 213, 214, 215, 260, 261, 262, 263, 264, 265]
[30, 31, 32, 33]
[18, 19, 20, 21, 22, 23, 39, 40, 41, 42, 43, 79, 80, 81, 82, 83, 84, 85, 86]
[170, 256, 257, 258, 259, 260, 261, 262]
[67, 68, 69, 70, 71]
[0, 1, 2, 3]
[100, 101, 102, 103, 104, 105, 106, 107, 108]
[42, 43, 44, 45, 46, 47]
[7, 8, 9, 10, 11, 12, 13, 14, 16, 17, 18, 19, 20]
[30, 31, 32, 33, 34, 35, 41, 42, 43, 44, 45, 46, 206, 207, 208, 209, 210, 211]
[]
[46, 47, 48, 49, 50]
[]
[41, 42, 43, 44, 45, 145, 146, 147, 148, 149, 150, 151, 152]
[162, 163, 164, 165, 166, 167]
[181, 182, 183, 184, 185, 186, 187]
[70, 71, 72, 73, 74, 75]
[141, 142, 143, 144]
[16, 17, 18, 19, 20]
[809, 810, 811, 812, 813, 814, 815, 816, 817]
[4, 5, 6, 7, 8, 9, 249, 250, 251, 252]
[4, 5, 6, 7, 8, 9]
[72, 73, 74, 75, 76, 77, 78, 79]
[78, 79, 80, 81]
[94, 95, 96, 97, 98]
[]
[15, 16, 17, 18, 19]
[18, 19, 20, 21, 22, 23]
[]
[107, 108, 109, 110, 111, 112, 113]
[49, 50, 51, 52, 53, 54, 98, 99, 100, 101, 102]
[201, 202, 203, 204, 205, 206, 207, 208]
[37, 38, 39, 40, 41]
[]
[]
[0, 1, 2, 3, 4, 5, 6, 7, 8, 150, 151, 152, 153, 154, 155]
[167, 168, 169, 170]
[59, 60, 61, 62, 63, 64, 538, 539, 540, 541, 542, 543, 544]
[30, 31, 32, 33, 34]
[89, 90, 91, 92, 93]
[511, 512, 513, 514, 515, 516]
[14, 15, 16, 17, 18, 19, 20, 21]
[21, 22, 23, 24, 25, 26]
[27, 28, 29, 95, 96, 97, 98, 99, 100, 101, 102]
[]
[0, 1, 2, 3]
[782, 783, 784, 785]
[180, 181, 182, 183]
[77, 78, 79, 80, 81, 82, 83]
[29, 30, 31, 32, 33, 34, 35, 36]
[0, 1, 2, 3, 4, 5, 6]
[46, 47, 48, 49, 50, 51, 78, 79, 80, 81]
[12, 13, 14, 15, 16, 17]
[25, 26, 27, 28]
[67, 68, 69, 70, 71, 72, 81, 82, 83, 84, 85, 207, 208, 209, 210, 211]
[49, 50, 51, 52, 53, 54]
[38, 39, 40, 41, 42, 43]
[53, 54, 55, 56, 57, 58]
[15, 16, 17, 18, 19]
[430, 431, 432, 433, 434]
[129, 130, 131, 132, 133, 134]
[274, 275, 276, 277, 278, 279, 280, 281, 282, 283, 284, 285, 286]
[17, 18, 19, 20, 21, 22, 23]
[212, 213, 214, 215, 216, 217]
[]
[20, 21, 22, 23, 24, 25]
[0, 1, 2, 3, 4, 5, 6, 91, 92, 93, 94, 95, 96, 97, 98, 99]
[72, 73, 74, 190, 453, 454, 455, 456, 457]
[]
[29, 30, 31, 32]
[485, 486, 487, 488, 489, 490, 491, 492, 636, 637, 638, 639, 640]
[26, 27, 28, 29, 30, 31]
[101, 102, 103, 104, 105, 106]
[]
[18, 19, 20, 21]
[18, 19, 20, 21, 22, 23, 24, 25, 152, 153, 154, 155, 156, 157, 158, 159]
[150, 151, 152, 153, 154]
[5, 6, 7, 8]
[30, 31, 32, 33, 34, 35]
[]
[]
[3, 4, 5, 6, 7, 8, 9, 10, 11, 12, 14, 15, 16, 17, 18, 19, 20]
[282, 283, 284, 285, 286]
[]
[]
[22, 23, 24, 25, 26, 27, 28, 29, 30, 40, 41, 42, 43, 44, 45, 46, 47, 48, 49, 192, 193, 194, 195, 196, 197, 198, 199, 200]
[]
[]
[21, 22, 23, 24]
[14, 15, 16, 17, 18, 19]
[33, 34, 35, 36, 37, 38, 39, 40, 41]
[72, 73, 74, 75, 76, 77, 78, 79, 80, 81, 82]
[27, 28, 29, 30, 31, 32, 33, 34, 35]
[359, 360, 361, 362, 386, 387, 388, 389, 390, 391, 393, 394, 395, 396, 397, 398, 399, 407, 408, 409, 410, 411, 412, 413]
[69, 70, 71, 72, 73]
[204, 205, 206, 207, 208, 209, 252, 253, 254, 255, 256, 257, 258, 259, 263, 264, 265, 266, 267]
[15, 16, 17, 18, 19, 20]
[134, 135, 136, 137, 138, 139, 140]
[60, 61, 62, 63, 64, 65, 66, 67, 68, 685, 686, 687, 688, 689, 690, 691, 692]
[10, 11, 12, 13, 14, 15]
[0, 1, 2, 3, 4, 5, 6, 7, 210, 211, 212, 213, 214, 239, 240, 241, 242, 243, 244, 245, 246, 275, 276, 277, 278, 279, 280, 281, 282, 283]
[4, 5, 6, 7, 8]
[180, 181, 182, 183, 184]
[9, 10, 11, 12, 13]
[89, 90, 91, 92, 93, 94, 145, 146, 147, 148, 149, 150]
[92, 93, 94, 95, 96, 97, 307, 308, 309, 310, 311, 312]
[154, 155, 156, 157, 158, 159]
[40, 41, 42, 43, 44, 45]
[10, 11, 12, 13, 14, 15]
[21, 22, 23, 24, 25, 26, 27, 240, 241, 242, 243, 244]
[85, 86, 87, 88]
[152, 153, 154, 155, 156, 157, 158, 261, 262, 263, 264, 265, 266]
[27, 28, 29, 30, 31, 32, 33, 34, 35, 58, 59, 60, 61, 62, 63]
[22, 23, 24, 25, 26, 27, 28]
[0, 1, 2, 3, 4, 5, 6, 7, 8, 9, 36, 37, 38, 39, 40, 41, 42, 43]
[5, 6, 7, 8, 9, 11, 12, 13, 14, 15, 16, 17, 18, 19, 20, 40, 41, 42, 43, 44, 45]
[181, 182, 183, 184, 185, 186, 187, 188]
[417, 418, 419, 420, 421, 422, 423, 424, 442, 443, 444, 445, 446, 447]
[265, 266, 267, 268, 269, 270]
[11, 12, 13, 14, 15, 16, 29, 30, 31, 32, 33, 34, 35, 36, 67, 68, 69, 70, 71, 72, 73, 74, 75]
[38, 39, 40, 41, 42, 170, 171, 172, 173, 174]
[17, 18, 19, 20, 33, 34, 35, 36]
[42, 43, 44, 45, 46, 47]
[20, 21, 22, 23, 24, 25, 26, 27, 28, 46, 47, 48, 49, 50, 51, 52, 53, 54, 55]
[56, 57, 58, 59, 65, 66, 67, 68]
[45, 46, 47, 48, 49, 50, 155, 156, 157, 158, 159, 160, 161, 162, 163]
[57, 58, 59, 60, 61, 62]
[]
[14, 15, 16, 17, 18, 76, 77, 78, 79, 80, 201, 202, 203, 204, 205, 206, 207, 208, 209]
[]
[16, 17, 18, 19, 20]
[5, 6, 7, 8, 51, 52, 53, 54, 55, 119, 120, 121, 122, 123, 124, 125]
[28, 29, 30, 31, 32, 33, 34, 35, 85, 86, 87, 88, 89, 90, 102, 103, 104, 105, 106, 107, 171, 172, 173, 174, 175, 176]
[67, 68, 69, 70, 71, 72, 73, 74, 75]
[13, 14, 15, 16, 52, 53, 54, 55]
[17, 18, 19, 20, 21]
[]
[]
[19, 20, 21, 22, 23, 24, 66, 67, 68, 69]
[]
[138, 139, 140, 141, 150, 151, 152, 153, 154]
[15, 16, 17, 18, 19, 20]
[145, 146, 147, 148, 149, 150, 151]
[424, 425, 426, 427, 428, 429, 430, 431]
[248, 249, 250, 251, 252, 253, 254]
[73, 74, 75, 76, 77, 78, 79]
[176, 177, 178, 179, 180, 181, 182, 183, 185, 186, 187, 188, 189]
[24, 25, 26, 27, 28, 29, 30, 31, 32]
[279, 280, 281, 282, 283, 284, 285, 286]
[55, 56, 57, 58, 59, 60, 61, 62, 63, 64, 65, 146, 147, 148, 149, 150, 151]
[68, 69, 70, 71, 72, 73, 74, 75]
[15, 16, 17, 18, 90, 91, 92, 93, 94, 95, 96]
[295, 296, 297, 298, 299, 300]
[13, 14, 15, 16, 17, 18, 19]
[26, 27, 28, 29, 30, 31]
[55, 56, 57, 58, 59]
[85, 86, 87, 88, 89, 90]
[21, 22, 23, 24, 25, 26]
[146, 147, 148, 149, 150, 151, 152]
[47, 48, 49, 50, 51, 52]
[0, 1, 2, 3, 4]
[]
[158, 159, 160, 161, 162, 163, 164, 165, 166]
[14, 15, 16, 17, 103, 104, 105, 106, 107]
[53, 54, 55, 56, 57, 58]
[]
[]
[0, 1, 2, 3, 4, 5, 6, 7]
[53, 54, 55, 56, 57, 58, 59]
[33, 34, 35, 36, 37, 38]
[]
[32, 47, 48, 49, 50, 51, 98]
[]
[15, 16, 17, 18, 19, 109, 110, 111, 112, 113]
[43, 44, 45, 46, 47]
[9, 10, 11, 12, 249, 250, 251, 252, 253, 254, 255, 256, 268, 269, 270, 271, 272, 273, 274, 275, 276]
[24, 25, 26, 27, 28, 99, 100, 101, 102, 103, 104]
[252, 253, 254, 255, 256, 257]
[60, 61, 62, 63]
[75, 76, 77, 78, 79]
[265, 266, 267, 268, 269, 270, 271, 272, 273]
[11, 12, 13, 14, 15, 16, 17, 18, 19, 40, 41, 42, 43, 44, 45, 46, 47, 48, 229, 230, 231, 232, 233, 234]
[153, 154, 155, 156, 157, 158, 159, 160, 166, 167, 168, 169, 170, 171, 344, 345, 346, 347, 348, 440, 441, 442, 443, 444]
[145, 146, 147, 148, 149, 150, 151, 152, 153]
[26, 27, 28, 29, 30, 31, 32, 33]
[130, 131, 132, 133, 134]
[]
[232, 233, 234, 235, 236, 237, 238, 284, 285, 286, 287, 288, 289]
[215, 216, 217, 218, 219]
[39, 40, 41, 42, 43, 44]
[0, 1, 2, 3, 8, 9, 10, 11, 12, 13, 14, 15, 16]
[33, 34, 35, 36, 37, 38, 39, 52, 53, 54, 55, 56, 57]
[9, 10, 11, 12, 51, 52, 53, 54, 55, 56, 57, 58, 59, 60, 61]
[3, 4, 5, 6, 7, 8, 9]
[8, 9, 10, 11, 12, 13, 14, 34, 35, 36, 37, 38, 39, 49, 50, 51]
[4, 5, 6, 7, 8]
[203, 204, 205, 206, 207, 208]
[183, 184, 185, 186, 187, 188, 189, 190]
[322, 323, 324, 325, 376, 377, 378, 379, 380, 381, 382]
[]
[40, 41, 42, 43, 44, 45]
[34, 35, 36, 37, 38, 39]
[272, 273, 274, 275, 276, 277, 324, 325, 326, 327]
[45, 46, 47, 48, 49, 50, 51, 52]
[41, 42, 43, 44, 45, 46, 47, 48, 49]
[47, 48, 49, 50, 51, 52, 58, 59, 60, 61, 62, 63, 64, 65]
[22, 23, 24, 25, 26]
[27, 28, 29, 30, 31, 32, 33, 34, 35]
[0, 1, 2, 3, 4, 5]
[249, 250, 251, 252, 253, 254, 255]
[74, 75, 76, 77, 78, 79, 80, 81, 82, 306, 307, 308, 309, 310, 311]
[211, 212, 213, 214, 215, 216, 281, 282, 283, 284, 285, 286]
[]
[167, 168, 169, 170, 171, 172, 173, 174, 175]
[82, 83, 84, 85, 86, 87, 141, 142, 143, 144, 145, 226, 227, 228, 229, 230, 231]
[373, 374, 375, 376, 377, 378]
[]
[0, 1, 2, 3, 4, 5, 6, 7, 8, 9, 11, 12, 13, 14, 17, 18, 19, 20, 21, 22, 23, 24, 25, 454, 455, 456, 457, 458]
[0, 1, 2, 3, 4, 5, 17, 18, 19, 20, 21, 22]
[15, 16, 17, 18, 19, 20]
[18, 19, 20, 21, 22, 23]
[0, 1, 2, 3]
[36, 37, 38, 39, 40, 41, 42, 307, 308, 309, 310, 311]
[58, 59, 60, 61, 62, 63]
[0, 1, 2, 3, 4, 10, 11, 12, 13, 14, 15, 168, 169, 170, 171]
[]
[629, 630, 631, 632, 648, 649, 650, 651, 652, 653]
[190, 191, 192, 193, 194, 195]
[]
[10, 11, 12, 13, 14, 15]
[145, 146, 147, 148, 149, 150, 151, 152]
[163, 164, 165, 166, 167, 168, 169]
[20, 21, 22, 23, 24, 25, 26]
[238, 239, 240, 241, 242, 248, 249, 250, 251, 252, 253, 285, 286, 287, 288, 289, 446, 447, 448, 449, 450]
[]
[18, 19, 20, 21]
[60, 61, 62, 63]
[4, 5, 6, 7, 8, 9]
[4, 5, 6, 7, 8]
[36, 37, 38, 39, 50, 51, 52, 53]
[184, 185, 186, 187, 188]
[197, 198, 199, 200, 228, 229, 230, 231, 232, 233, 234, 240, 241, 242, 243, 250, 251, 252, 253, 254, 255, 256, 257, 258, 259, 260, 261, 262, 263]
[]
[55, 56, 57, 58]
[9, 10, 11, 12, 13, 14, 15, 16, 17, 120, 121, 122, 123, 124, 125, 126, 127, 262, 263, 264, 265]
[129, 130, 131, 132, 133, 134, 135, 136, 137]
[22, 23, 24, 25]
[15, 16, 17, 18, 19, 20, 90, 91, 92, 93]
[]
[311, 312, 313, 314, 315, 316, 317, 318, 319, 320]
[30, 31, 32, 33, 34, 43, 44, 45, 46, 47, 48, 49]
[12, 13, 14, 15, 16, 81, 82, 83, 84, 85, 86]
[76, 77, 78, 79, 80, 281, 282, 283, 284, 285, 286, 287]
[10, 11, 12, 13, 119, 120, 121, 122]
[]
[6, 7, 8, 9, 10, 11, 12, 13, 14, 15, 16, 17, 18, 19]
[52, 53, 54, 55, 56]
[100, 101, 102, 103, 104, 105, 107, 108, 109]
[425]
[]
[25, 26, 27, 28, 29, 30, 36, 37, 38, 39, 40, 41, 42, 43]
[114, 115, 116, 117, 118, 119]
[15, 16, 17, 18, 19, 20, 21, 22, 23]
[]
[7, 8, 9, 10, 11, 16, 17, 18, 19, 20, 21]
[335, 336, 337, 338, 339, 340]
[]
[0, 1, 2, 3, 4]
[269, 270, 271, 272, 273, 274]
[22, 23, 24, 25, 26, 27, 28, 81, 82, 83, 84]
[37, 38, 39, 40, 41, 42, 43, 44, 45]
[4, 5, 6, 7, 8, 9, 15, 16, 17, 18, 19, 20, 21, 22, 163, 164, 165, 166, 167, 168, 169, 170]
[32, 33, 34, 35, 36, 37, 38]
[47, 48, 49, 50, 51]
[63, 64, 65, 66, 67, 83, 84, 85, 86, 87, 88]
[267, 268, 269, 270, 271, 272]
[630, 631, 632, 633, 634, 635, 636, 751, 752, 753, 754, 755, 756]
[127, 128, 129, 130]
[24, 25, 26, 27]
[31, 32, 33, 34, 35]
[0, 1, 2, 3, 4, 5, 6, 161, 162, 163, 164, 165]
[11, 12, 13, 14, 15]
[11, 12, 13, 14, 15, 16, 17, 18, 19, 20, 369, 370, 371, 372, 373, 374, 418, 419, 420, 421]
[82, 83, 84, 85, 86, 87, 88, 89, 90]
[61, 62, 63, 64, 65]
[1, 2, 3, 4, 5, 6, 7, 8, 30, 31, 32, 33, 34, 35, 36]
[46, 47, 48, 49, 50, 51, 52]
[62, 63, 64, 65, 66, 67, 68, 74, 75, 76, 77]
[14, 15, 16, 17, 18, 19]
[]
[155, 156, 157, 158, 159, 160, 161, 162, 256, 257, 258, 259, 278, 279, 280, 281, 282, 283, 284]
[27, 28, 29, 30, 31, 32, 33, 34, 47, 48, 49, 50, 51]
[176, 177, 178, 179, 180, 181]
[1, 2, 3, 4]
[4, 5, 6, 7, 8, 217, 218, 219, 220, 221]
[146, 147, 148, 149, 150, 151, 152, 153, 154, 155, 168, 169, 170, 171, 172, 173]
[0, 1, 2, 3]
[110, 111, 112, 113]
[46, 47, 48, 49, 50, 51, 52, 53, 54, 87, 88, 89, 90, 91, 92, 98, 99, 100, 101, 102, 103, 104, 105]
[16, 17, 18, 19, 20, 21]
[]
[]
[]
[400, 401, 402, 403, 404, 405]
[5, 6, 7, 8, 9, 10, 11, 12, 145, 146, 147, 148, 149, 150, 151, 152, 153, 154]
[148, 149, 150, 151, 152, 153, 154]
[228, 229, 230, 231, 232]
[193, 194, 195, 196, 197, 198, 199, 201, 202, 203, 204, 205, 206, 207, 208, 209, 210]
[24, 25, 26, 27]
[13, 14, 15, 16, 17]
[45, 46, 47, 48, 49, 89, 90, 91, 92, 93]
[]
[147, 148, 149, 150, 151, 152, 153]
[103, 104, 105, 106, 330, 331, 332, 333, 341, 342, 343, 344, 345, 346]
[89, 90, 91, 92, 93]
[0, 1, 2, 3, 4, 5, 6, 7, 74, 75, 76, 77, 105, 106, 107, 108, 109, 110]
[49, 50, 51, 52, 53, 54, 238, 239, 240, 241, 242, 243]
[29, 30, 31, 32, 33, 34]
[13, 14, 15, 16, 104, 105, 106, 107, 108]
[150, 151, 152, 153, 154, 194, 195, 196, 197, 198, 199, 200, 201, 202, 203]
[52, 53, 54, 55, 56]
[16, 17, 18, 19, 20, 21, 336, 337, 338]
[30, 31, 32, 33, 34]
[49, 50, 51, 52, 53, 54]
[70, 71, 72, 73, 74, 75, 76, 243, 244, 245, 246, 247]
[157, 158, 159, 160, 161, 162, 163, 164, 165]
[25, 26, 27, 28, 29, 30, 38, 39, 40, 41, 42, 43, 44]
[64, 65, 66, 67, 68, 69, 75, 76, 77, 78, 79, 106, 107, 108, 109, 110, 111]
[48, 49, 50, 51, 52, 53]
[25, 26, 27, 28, 29, 30, 31, 32, 33, 34, 35, 111, 112, 113, 114]
[274, 275, 276, 277, 278, 280, 281, 282, 283, 284, 389, 390, 391, 392]
[107, 108, 109, 110, 111, 112, 113]
[37, 38, 39, 341, 342, 343, 430, 431, 432, 433, 434, 435, 436, 437, 438, 439, 440, 441, 484, 485, 486, 487, 897, 898, 899, 900, 901, 902, 914, 915, 916, 917]
[]
[381, 382, 383, 384, 385, 386]
[3, 4, 5, 6, 7, 8, 9, 10]
[166, 167, 168, 169, 170, 171, 172]
[8, 9, 10, 11, 24, 25, 26, 27]
[21, 22, 23, 24, 25, 26, 27]
[136, 137, 138, 139]
[69, 70, 71, 72, 73, 74]
[38, 39, 40, 41, 42, 43, 44, 117, 118, 119, 120, 121, 122, 123, 124]
[52, 53, 54, 55, 56, 57, 148, 149, 150, 151, 152, 153]
[73, 74, 75, 76, 77, 78]
[44, 45, 46, 47, 48, 49]
[12, 13, 14, 15, 16, 17]
[50, 51, 52, 53, 320, 321, 322, 323]
[59, 60, 61, 62, 63, 64, 65, 66]
[34, 35, 36, 37, 38]
[78, 79, 80, 81, 82, 83, 118, 119, 120, 121, 122, 123, 124, 125, 126, 167, 168, 169, 170, 171, 172, 173, 174, 175, 271, 272, 273, 274, 275, 276, 350, 351, 352, 353, 354, 355, 515, 516, 517, 518, 519, 520, 521, 522, 523, 561, 562, 563, 564, 565, 566, 567, 568, 569, 664, 665, 666, 667, 668, 669, 690, 691, 692, 693, 694, 695, 785, 786, 787, 788, 789, 790, 791, 792, 793, 842, 843, 844, 845, 846, 847, 896, 897, 898, 899, 900, 901, 979, 980, 981, 982, 983, 984]
[41, 42, 43, 44, 45, 46, 47, 48, 49]
[102, 103, 104, 105, 106, 107, 108, 109]
[128, 129, 130, 131, 132, 133]
[0, 1, 2, 3, 4, 5, 6]
[7, 8, 9, 10, 11, 12, 13, 14, 15, 16, 37, 38, 39, 40, 41, 42]
[49, 50, 51, 52, 53, 54, 55, 61, 62, 63, 64, 65, 66, 166, 167, 168, 169, 170, 171, 172, 173]
[]
[0, 1, 2, 3]
[149, 150, 151, 152]
[0, 1, 2, 3, 4, 5, 6, 7, 8]
[6, 7, 8, 9, 10, 11, 12, 13]
[400, 401, 402, 403]
[40, 41, 42, 43, 44, 122, 123, 124, 125, 126, 127, 128, 129, 130, 131, 132, 133]
[310, 311, 312, 313, 314, 315, 316, 317]
[18, 19, 20, 21, 22]
[8, 9, 10, 11, 12]
[24, 25, 26, 27, 28, 29, 86, 87, 88, 89, 90, 91]
[69, 70, 71, 72, 73, 74, 237, 238, 239, 240, 323, 324, 325, 326]
[147, 148, 149, 150, 151, 248, 249, 250, 251, 252, 253]
[0, 1, 2, 3, 4, 5, 6, 8, 9, 10, 11, 12, 13, 14]
[24, 25, 26, 27, 28, 29, 30, 31, 33, 34, 35, 36, 37, 166, 167, 168, 169, 170, 171, 172, 173, 174]
[58, 59, 60, 61, 95, 96, 97, 98, 99, 110, 111, 112, 113, 117, 118, 119, 223, 224, 225, 226, 227, 228, 229, 230, 231]
[34, 35, 36, 37, 38, 39, 40]
[24, 25, 26, 27, 28, 29, 30, 31]
[35, 36, 37, 38, 39]
[12, 13, 14, 15, 16]
[20, 21, 22, 23, 24, 25, 26, 27, 28, 29, 30, 58, 59, 60, 61, 62, 63, 64, 65, 66, 74, 75, 76, 77, 78, 79, 80, 81, 82, 83]
[6, 7, 8, 9, 10, 11, 12, 13, 14, 15, 24, 25, 26, 27, 28, 29, 375, 376, 377, 378, 379, 380, 381]
[0, 1, 2, 3]
[0, 1, 2, 3]
[]
[]
[11, 12, 13, 14, 15, 16, 40, 41, 42, 43, 44]
[11, 12, 13, 14, 15, 16]
[22, 23, 24, 25, 26, 27]
[437, 438, 439, 440, 441, 442, 443]
[13, 14, 15, 16, 17, 72, 73, 74, 75, 76, 77]
[52, 53, 54, 55, 56, 57, 233, 234, 235, 236, 237, 238]
[160, 161, 162, 163, 164, 165, 166, 178, 179, 180, 181, 182, 183, 185, 186, 187, 188, 189, 190, 191, 197, 198, 199, 200, 201]
[75, 76, 77, 78, 86, 87, 88, 89, 90, 91]
[111, 112, 113, 114, 115, 116, 117, 118, 119, 120, 121, 122, 123, 124, 125, 157, 158, 159, 160, 161, 162, 163]
[16, 17, 18, 19, 20, 21, 23, 24, 25, 26, 27, 28, 29]
[202, 203, 204, 205, 206, 207]
[22, 23, 24, 25, 26, 27, 28, 29, 30, 31, 33, 34, 35]
[104, 105, 191, 192, 193, 194, 211, 212, 213, 214, 215, 216]
[43, 44, 45, 46]
[173, 174, 175, 176, 177, 178]
[0, 1, 2, 3, 4, 5, 6]
[19, 20, 21, 22, 23, 24]
[27, 28, 29, 30, 31, 32]
[]
[156, 157, 158, 159, 160, 161, 162, 163, 181, 182, 183, 184, 185]
[71, 72, 73, 74, 75, 76]
[31, 32, 33, 34, 35, 36]
[27, 28, 29, 30]
[55, 56, 57, 58, 59, 60]
[366, 367, 368, 369, 370, 371, 372, 373]
[43, 44, 45, 46, 47]
[18, 19, 20, 21, 22, 23]
[10, 11, 12, 13, 14]
[5, 6, 7, 8]
[]
[83, 84, 85, 86, 87, 88]
[65, 66, 67, 68, 69, 70, 255, 256, 257, 258, 259, 260]
[147, 148, 149, 150, 151]
[694, 695, 696, 697, 698, 780, 781, 782, 783, 784, 946, 947, 948, 949, 950, 953, 954, 955, 956]
[82, 83, 84, 85, 86, 87, 88, 89, 113, 114, 115, 116, 117, 118]
[6, 7, 8, 9, 10]
[54, 55, 56, 57, 58]
[]
[19, 20, 21, 155, 156, 157, 158, 283, 284, 285, 286, 287, 288, 289, 290, 291, 292, 873, 874, 875, 876, 888, 889, 890, 891, 892]
[225, 226, 227, 228]
[]
[8, 9, 10, 11, 12, 13, 83, 84, 85, 86, 87, 88]
[20, 21, 22, 23, 24, 25]
[15, 16, 17, 18, 19, 20]
[]
[17, 18, 19, 20, 21, 22]
[160, 161, 162, 163, 164, 165, 166, 167, 168]
[16, 17, 18, 19, 20]
[0, 1, 2, 3, 4, 5, 19, 20, 21, 22, 23, 24]
[120, 121, 122, 123, 124, 125]
[74, 75, 76, 77, 78, 79]
[35, 36, 37, 38, 39, 40]
[]
[]
[282, 283, 284, 285]
[635, 636, 637, 638, 639, 640]
[16, 17, 18, 19, 20, 21]
[227, 228, 229, 230, 231, 232]
[3, 4, 5, 6, 7, 8, 9, 277, 278, 279, 280, 281, 282, 283, 284]
[37, 38, 39, 40, 41, 42, 43, 44]
[475, 476, 477, 478, 479, 480]
[11, 12, 13, 14]
[28, 29, 30, 31, 32, 40, 41, 42, 43, 44, 45, 46]
[42, 43, 44, 45, 46, 47, 48, 49, 50]
[23, 24, 25, 26, 27, 28, 149, 284, 285, 286, 287, 288, 326, 327, 328, 329, 330, 331]
[]
[112, 113, 114, 115]
[21, 22, 23, 24, 25, 26, 27, 28, 30, 31, 32, 33, 47, 48, 49, 50, 51, 52, 53, 54]
[]
[38, 39, 40, 41]
[109, 110, 111, 112]
[44, 45, 46, 47, 48, 49]
[]
[73, 74, 75, 76]
[147, 148, 149, 150, 151, 152, 169, 170, 171, 172, 173, 174]
[22, 23, 24, 25, 26]
[19, 20, 21, 22]
[90, 91, 92, 212, 213, 214, 215, 216, 217]
[27, 28, 29, 30, 31, 32, 33, 34, 97, 98, 99, 100, 101, 102, 103, 104, 105, 106, 619, 620, 621, 622, 623, 624, 625, 626, 627]
[15, 16, 17, 18, 19]
[5, 6, 7, 8, 49, 50, 51, 52, 53, 54]
[4, 5, 6, 7, 8]
[24, 25, 26, 27, 28]
[62, 63, 64, 65, 66, 68, 69, 70, 71, 72, 73, 74]
[47, 48, 49, 50]
[]
[9, 10, 11, 12, 13, 14, 15, 16, 17]
[4, 5, 6, 7, 8, 9, 10, 11, 12, 13, 14, 15]
[0, 1, 2, 3, 8, 9, 10, 11, 134, 135, 136, 137]
[99, 100, 101, 102]
[207, 208, 209, 210, 211, 212, 213, 214, 215, 216, 264, 265, 266, 267, 268, 269, 270, 271]
[218, 219, 220, 221, 222, 223]
[82, 83, 84, 85, 86, 87]
[137, 138, 139, 140, 141, 142]
[102, 103, 104, 105, 106, 107, 156, 157, 158, 159, 160, 161]
[32, 33, 34, 94, 95, 96, 97, 98]
[0, 1, 2, 3, 4, 5]
[106, 107, 108, 109, 110, 111]
[12, 13, 14, 15, 16, 17, 18]
[11, 12, 13, 14, 15, 69, 70, 71, 72, 73, 118, 119, 120, 121]
[11, 12, 13, 14, 15, 16, 17]
[9, 10, 11, 12, 13, 14, 15, 16, 17, 18]
[]
[96, 97, 98, 99, 100, 101, 265, 266, 267, 268, 269, 270, 271, 272, 273, 279, 280, 281, 282, 283, 284, 285]
[63, 64, 65, 66, 67]
[152, 153, 154, 155, 156, 157, 158, 159]
[116, 117, 118, 119, 120, 121, 122, 123, 124, 401, 402, 403, 404, 405, 406, 490, 491, 492, 493, 494, 495, 586, 587, 588, 589, 590, 591, 592, 593, 594, 595]
[11, 12, 13, 14, 15, 16, 17, 18, 19, 52, 53, 54, 55, 56, 57, 58, 79, 80, 81, 82, 83, 84, 85]
[5, 6, 7, 8, 9, 10, 11]
[28, 29, 30, 31, 32, 41, 42, 43, 44, 108, 109, 110, 111, 112, 195, 196, 197, 198, 199, 219, 220, 221, 222]
[9, 10, 11, 12, 13]
[18, 19, 20, 21, 22]
[20, 21, 22, 23, 24, 56, 57, 58, 59, 60, 61, 62, 63, 64, 149, 150, 151, 152]
[41, 42, 43, 44, 45, 46]
[]
[144, 145, 146, 147, 148, 149, 150, 151, 152, 153, 154, 155]
[20, 21, 22, 23]
[7, 8, 9, 10, 11, 152, 153, 154, 155, 156]
[83, 84, 85, 86, 87, 88, 132, 133, 134, 135, 136, 137, 193, 194, 195, 196, 197, 198, 325, 326, 327, 328, 329, 330, 457, 458, 459, 460, 461, 462, 557, 558, 559, 560, 561, 600, 601, 602, 603, 604, 605, 739, 740, 741, 742, 743, 744]
[487, 488, 489, 490, 491, 492, 493]
[12, 13, 14, 15, 16]
[9, 10, 11, 12, 13, 82, 83, 84, 85, 86]
[93, 94, 95]
[53, 54, 55, 56, 57, 58, 60, 61, 62, 63, 64, 65]
[4, 5, 6, 7, 8, 9]
[42, 43, 44, 45, 46]
[65, 66, 67, 68, 69]
[]
[]
[583, 584, 585, 586, 869, 870, 871, 872, 873, 874, 967, 968, 969, 970]
[29, 30, 31, 32, 33, 34, 104, 105, 106, 107, 108]
[28, 29]
[9, 10, 11, 12, 51, 52, 53, 54, 55, 56, 57, 58, 59, 60, 61, 83, 84, 85, 86, 87, 88, 89, 90, 91]
[46, 47, 48, 49, 50, 51, 52, 53, 54]
[86, 87, 88, 89, 90, 91, 92, 93, 108, 109, 110, 111, 112, 113, 114, 279, 280, 281, 282, 283, 284]
[80, 81, 82, 83, 84]
[22, 23, 24, 25, 26, 42, 43, 44, 45, 46, 47, 48, 49, 50, 51, 52, 53, 55, 56, 57, 58, 103, 104, 105, 106, 107, 108, 122, 123, 124, 125, 126, 127, 128, 246, 247, 248, 249, 250, 251, 252, 253]
[0, 1, 2, 3, 4, 5, 6, 7, 8, 9, 140, 141, 142, 143, 144, 145, 146, 147, 148, 149]
[57, 58, 59, 78, 79, 80, 81, 82, 83, 84, 85, 86, 87, 88, 89]
[0, 1, 2, 3, 4, 5, 6, 7, 124, 125, 126, 127, 128]
[153, 154, 155, 156, 157, 158, 159, 160, 161, 162, 163, 164, 165, 166, 167]
[55, 56, 57, 58, 63, 64, 65, 66]
[304, 305, 306, 307, 308, 309, 324, 327]
[43, 44, 45, 50, 51, 52, 54, 55, 56]
[18, 19, 20, 21, 22, 23]
[145, 146, 147, 148, 149, 150]
[262, 263, 264, 265, 266]
[92, 93, 94, 95, 96, 97, 98, 99, 113, 114, 115, 116, 117, 118, 119, 120, 121, 122, 123, 124, 134, 135, 136, 137, 138, 139, 140, 141, 142, 143, 144, 145, 146, 205, 206, 207, 208, 209, 210, 211, 212, 213, 214]
[76, 77, 78, 79]
[267, 268, 269, 270, 271]
[9, 10, 11, 12, 13, 14, 37, 38, 39, 40, 41, 42, 43, 44, 81, 82, 83, 84, 85, 86, 87, 88]
[21, 22, 23, 24, 25, 26, 27, 28, 29, 30]
[13, 14, 15, 16, 17, 18, 19, 20]
[28, 29, 30, 31, 32, 33]
[126, 127, 128, 129, 130, 131, 132, 133, 134, 135, 190, 191, 192, 193, 194, 195, 196]
[24, 25, 26, 27, 28, 29, 51, 52, 53, 54, 55, 56, 57, 58, 59, 60]
[166, 167, 168, 169, 170]
[4, 19, 20, 21, 22, 23, 24, 25]
[283, 284, 285, 286, 352, 353, 354, 355, 356, 357, 415, 416, 417, 418, 419, 420, 421]
[0, 1, 2, 3, 4]
[56, 57, 58, 59, 60, 61, 62, 63, 69, 70, 71, 72, 73, 74, 75, 76, 149, 150, 151, 152]
[280, 281, 282, 283, 284, 285, 286, 538, 539, 540, 541, 542, 543, 544]
[32, 33, 34, 35, 36, 37, 317, 318, 319, 320, 321]
[89, 90, 91, 92, 93]
[84, 85, 86, 87, 88, 89]
[26, 27, 28, 29, 30, 31, 32, 33, 50, 51, 52, 53, 54, 55, 56, 57, 58]
[23, 24, 25, 26, 27, 28]
[52, 53, 54, 55, 59, 60, 103]
[0, 1, 2, 3, 4, 5]
[113, 114, 115, 116, 331, 332, 333, 334, 335]
[4, 5, 6, 7, 8]
[25, 26, 27, 28, 29, 30]
[36, 37, 38, 39, 40, 41, 42, 43, 185, 186, 187, 188, 189, 190, 191, 192]
[14, 15, 16, 17, 18, 19, 565, 566, 574, 575, 766, 767, 768, 769]
[124, 125, 126, 127, 128, 129, 130, 131, 132]
[37, 38, 39, 40, 41, 42, 60, 61, 62, 63, 64, 65, 66, 67]
[64, 65, 66, 67, 68, 69]
[100, 101, 102, 103, 104, 105, 106, 107, 108]
[45, 46, 47, 48, 49, 50]
[139, 140, 141, 142, 143]
[12, 13, 14, 15, 16, 32, 33, 34, 35, 36, 37, 40, 41, 42, 43, 44, 149, 150, 151, 152, 153, 154, 155, 160, 161, 162, 163]
[]
[33, 34, 35, 36, 37, 129, 133]
[239, 240, 241, 242, 243, 244, 245]
[]
[68, 69, 70, 71, 210, 211, 212, 213, 214, 717, 718, 719, 720, 721, 925, 926, 927, 928, 945, 946, 947, 948, 949, 950]
[57, 58, 59, 60, 61, 62, 63, 64, 65]
[0, 1, 2, 3]
[49, 50, 51, 52, 53]
[55, 56, 57, 58, 59, 60]
[0, 1, 2, 3, 4, 5, 6, 7, 8, 9, 10, 11, 12, 13, 14, 15, 16, 17, 18, 19, 20, 21, 22, 23, 24, 25, 26, 27, 28, 29, 30, 31, 32, 33, 34, 35, 36, 37, 38, 39, 40, 41, 42, 43, 44, 45, 46, 47, 48, 49, 50, 51, 102, 103, 104, 105, 106, 107, 108, 109]
[2, 3, 4, 5, 6, 7, 19, 20, 21, 22, 23]
[8, 9, 10, 11, 12]
[0, 1, 2, 3, 4, 5, 6, 7, 8, 9]
[]
[158, 159, 160, 161, 162]
[42, 43, 44, 45, 46, 47, 48, 49, 50]
[]
[64, 65, 66, 67, 68]
[38, 39, 40, 41, 42]
[0, 1, 2, 3, 11, 12, 13, 14]
[9, 10, 11, 12, 13]
[11, 12, 13, 14, 15, 27, 28, 29, 30, 31, 32, 33, 34, 161, 162, 163, 164, 165, 166, 167, 168]
[28, 29, 30, 31, 32, 33, 56, 57, 58, 59, 60]
[18, 19, 20, 21]
[0, 1, 2, 3, 4, 5, 6, 7, 8, 9, 10, 11, 12, 13, 14, 15, 16, 17, 18]
[99, 100, 101, 102]
[20, 21, 22, 23, 24, 63, 64, 65]
[0, 1, 2, 3, 4, 5, 6, 7, 8, 9, 40, 41, 42, 43, 44, 45, 74, 75, 76, 77, 78, 79, 80]
[0, 1, 2]
[87, 88, 89, 90, 91, 92, 291, 292, 293, 294, 295, 296]
[14, 15, 16, 17, 18, 19]
[258, 259, 260, 261, 262]
[10, 11, 12, 13, 14]
[]
[28, 29, 30, 31, 32, 33, 34, 164, 165, 166, 167, 168, 180, 181, 182, 183]
[120, 121, 122, 123, 124, 125]
[16, 17, 18, 19, 20, 21, 47, 48, 49, 50, 51, 52, 53, 54, 55]
[119, 120, 121, 122, 123, 124]
[47, 48, 49, 50, 51, 52]
[24, 25, 26, 154, 155, 156, 157, 158, 159, 160]
[90, 91, 92, 93, 94, 95, 96, 97, 99, 100, 101, 102, 103, 104]
[83, 84, 85, 86, 87, 88]
[14, 15, 16, 17, 18, 19]
[9, 10, 11, 12, 13, 14, 15, 256, 257, 258, 259, 260, 261, 262, 263, 265, 266, 267, 268, 269, 270, 271, 272, 273]
[8, 9, 10, 11, 12, 63, 64, 65, 66, 67, 68, 69, 70, 71]
[215, 216, 217, 218, 219, 220, 780, 781, 782, 783, 784, 785, 831, 832, 833, 834, 835, 836]
[2, 3, 4, 5, 6]
[73, 74, 75, 76, 77, 78, 101, 102, 103]
[2, 3, 4, 5, 6, 7, 8, 9, 10]
[28, 29, 30, 31, 32]
[11, 12, 13, 14, 15, 16, 17, 18, 19, 20, 159, 160, 161, 162, 163, 164, 252, 253, 254, 255, 256, 257, 258, 259, 260, 261]
[126, 127, 128, 129, 193, 194, 195, 196, 197, 198, 199, 200]
[40, 41, 42, 43]
[366, 367, 368, 369, 370]
[180, 181, 182, 183, 184, 185]
[62, 63, 64, 65, 66, 67]
[145, 146, 147, 148, 149, 150]
[17, 18, 19, 20, 21, 22, 23, 24, 25, 26]
[172, 173, 174, 175, 176, 251, 252, 253, 254, 255, 267, 287, 288, 289, 290, 304, 305, 306, 307, 308, 373, 374, 375, 376, 377, 403, 404, 405, 406, 407, 424]
[0, 1, 2, 3, 4, 5, 6, 7, 8, 9, 10, 33, 34, 35, 36, 37, 38, 39, 40, 41]
[141, 142, 143, 144, 145, 146, 177, 178, 179, 180, 181, 182]
[42, 43, 44, 45, 246, 247, 248, 249, 250, 251, 288, 289, 290, 291, 292]
[26, 27, 28, 29, 30, 145, 146, 147, 148, 149, 187, 188, 189, 190, 191]
[0, 1, 2, 3, 4, 5, 13, 14, 15, 16, 17, 18, 49, 50, 51, 52, 53, 54]
[111, 112, 113, 114, 115]
[187, 188, 189, 190, 191, 192, 193, 194, 195, 947, 948, 949, 950, 951, 952]
[89, 90, 91, 92, 93, 94]
[61, 62, 63, 64, 65, 66, 67, 68, 69, 70]
[]
[638, 639, 640, 641, 642, 643, 644, 645, 646, 948, 949, 950, 951, 952, 953]
[157, 158, 159, 160, 161, 162, 163, 164, 165]
[182, 183, 184, 185, 186, 187, 189, 190, 191, 192, 922]
[72, 73, 74, 75, 76]
[126, 127, 128, 129, 130, 249, 250, 251, 252, 253, 254]
[30, 31, 32, 33, 34, 35]
[46, 47, 48, 49, 50, 51, 52, 53, 54, 55, 56, 57]
[76, 77, 78, 79, 80, 81, 82, 83, 84, 85]
[16, 17, 18, 19, 20, 21]
[54, 55, 56, 57]
[]
[36, 37, 38, 39, 58, 59, 60, 61, 62, 63, 64]
[5, 6, 7, 8, 57, 58, 59, 60, 61, 62, 63, 64]
[0, 1, 2, 3]
[49, 50, 51, 52, 53, 54, 55, 56, 57, 58, 59, 200, 201, 202, 203, 204, 205, 206, 207, 208]
[6, 7, 8, 9, 10, 11]
[262, 263, 264, 265, 266, 267, 268, 323, 324, 325, 326, 361, 362, 363, 364, 365, 366, 367]
[9, 10, 11, 12, 31, 32, 33, 34]
[22, 23, 24, 25, 26]
[60, 61, 62, 63]
[0, 1, 2, 3, 4]
[]
[215, 216, 217, 218, 219, 220]
[]
[56, 57, 58, 59, 60]
[105, 106, 107, 108, 109, 110]
[218, 219, 220, 221, 222, 223, 233, 234, 235, 236, 238, 239, 240, 241, 242, 243, 244]
[8, 9, 10, 11]
[73, 74, 75, 76, 77, 78]
[393]
[9, 10, 11, 12, 13, 14]
[4, 5, 6, 7, 8, 24, 25, 26, 27, 28, 32, 33, 34, 35, 36, 37, 38, 39, 40]
[]
[41, 42, 43, 44, 233, 234, 235, 236, 237]
[]
[]
[171, 172, 173, 174, 175, 176, 177]
[94, 95, 96, 97, 241, 242, 243, 244, 245, 246]
[28, 29, 30, 31, 32, 47, 48, 49, 50, 51, 85]
[46, 47, 48, 49]
[5, 6, 7, 8, 9]
[78, 79, 80, 81]
[124, 125, 126, 127]
[]
[284, 285, 286, 287, 288, 289, 290, 291, 297, 298, 299, 300, 301, 302, 303, 304, 420, 421, 422, 423, 424, 425, 426, 427, 433, 434, 435, 436, 437, 438, 439, 440, 596, 597, 598, 599, 600, 601, 602, 717, 718, 719, 720, 721, 722, 724, 725, 726, 727, 728, 729, 730, 731, 733, 734, 735, 736, 737, 738, 739, 740]
[46, 47, 48, 49, 242, 243, 244, 245, 246, 247, 248]
[11, 12, 13, 14, 15]
[60, 61, 62, 63, 64, 65, 66, 67, 68, 71, 72, 73, 74]
[]
[28, 29, 30, 31, 32, 33]
[]
[121, 122, 123, 124, 125, 126, 178, 179, 180, 181, 182, 183, 391, 392, 393, 394, 395, 396]
[171, 172, 173, 174, 175, 176, 177]
[0, 1, 2, 3, 148, 149, 150, 151, 152]
[78, 79, 80, 81, 82]
[]
[193, 194, 195, 196, 198, 199, 200, 233, 350, 351, 352, 353, 354]
[26, 27, 28, 29, 30, 31, 65, 66, 67, 68, 69]
[12, 13, 14, 15, 16]
[]
[296, 297, 298, 299, 300, 301, 302, 303]
[96, 97, 98, 99, 100, 101, 102, 103, 109, 110, 111, 112, 113, 114, 115, 116, 117, 118, 119, 120]
[15, 16, 17, 18]
[5, 6, 7, 8, 9, 13, 14, 15, 50, 51, 52, 53, 54]
[80, 81, 82, 83, 481, 482, 483, 484, 485, 587, 588, 589, 590, 591, 592, 593]
[210, 211, 212, 213, 214, 215]
[143, 144, 145, 146, 147]
[149, 150, 151, 152, 153, 167, 168, 169, 170, 171, 239, 240, 241, 242, 243, 244, 292, 293, 294, 295, 296, 297, 298, 299, 300, 301, 302, 310, 311, 312, 313, 314]
[29, 30, 31, 32, 33, 34, 143, 144, 145, 146, 147, 148, 149, 150, 151, 152, 153]
[147, 148, 149, 150, 151, 152, 153, 154, 176, 177]
[5, 6, 7, 8, 9]
[14, 15, 16]
[49, 50, 51, 52, 53, 54, 62, 63, 64, 65, 66, 67]
[106, 107, 108, 109, 110]
[186, 187, 188, 189, 190, 191, 192, 193]
[82, 83, 84, 85, 86, 87]
[87, 88, 89]
[985, 986, 987, 988]
[356, 357, 358, 379, 380, 381, 382, 383]
[]
[81, 82, 83]
[38, 39, 40, 41, 42, 43, 44, 45]
[]
[228, 229, 230, 231, 232, 233, 234, 235, 236, 237]
[45, 46, 47, 48, 49, 50]
[790, 791, 792, 793]
[123, 124, 125, 126, 127, 128, 129]
[16, 17, 18, 19, 20, 21, 22, 23]
[52, 53, 54, 55, 56, 57]
[130, 131, 132, 133, 134, 316, 317, 318, 319, 320]
[70, 71, 72, 73, 74]
[11, 12, 13, 14, 15]
[433, 434, 435, 436, 437, 438]
[]
[42, 43, 44, 45, 46, 47, 245, 246, 247, 248, 305, 306, 307, 308, 309, 310, 311, 312, 313]
[11, 12, 13, 14, 15, 16]
[49, 50, 51, 52, 53, 54]
[51, 52, 53, 54]
[]
[292, 293, 294, 295, 296, 297, 298, 364, 365, 366, 367, 368, 369]
[0, 1, 2, 3, 4, 5]
[17, 18, 19, 20, 21, 22]
[39, 40, 41, 42, 43, 44]
[]
[273, 274, 275, 276, 277, 278, 279, 280, 281, 282, 425, 426, 427, 428, 429, 430, 431, 432]
[7, 8, 9, 10, 11]
[]
[55, 56, 57, 58, 59, 60]
[184, 185, 186, 187, 188, 189, 190, 191, 192, 193, 194]
[24, 25, 26]
[142, 143, 144, 145]
[]
[582, 583, 584, 585, 586]
[65, 66, 67, 68, 69, 80, 81, 82, 83, 84, 85]
[59, 60, 61, 62, 63, 64, 66, 67, 68]
[]
[231, 232, 233, 234, 235, 236, 237, 238, 239]
[10, 11, 12, 13]
[190, 191, 192, 193, 194, 195, 196, 205, 206, 207, 208, 209, 210, 211, 212]
[12, 13, 14, 15, 16, 17, 36, 37, 38, 39, 40]
[154, 155, 156, 157, 262, 263, 264, 265, 266, 387, 388, 389, 390]
[51, 52, 53, 54, 55, 56, 57, 58, 59]
[24, 25, 26, 27, 28, 29, 54]
[0, 1, 2, 3, 4]
[3, 4, 5, 6, 7, 8]
[38, 39, 40, 41, 42]
[22, 23, 24, 25, 26]
[7, 8, 9, 10, 11, 17, 18, 19, 20, 29, 30, 31, 32, 33, 34, 35, 36, 60, 61, 62, 63, 64, 65, 66, 67]
[5, 6, 7, 8, 9, 10, 11, 12, 13, 196, 197, 198, 199, 200, 201, 209, 210, 211, 212, 213, 214]
[475, 476, 477, 478, 479]
[]
[153, 154, 155, 156, 157, 158]
[251, 252, 253, 254, 255, 256, 257]
[]
[49, 50, 51, 52, 53, 54]
[19, 20, 21, 22, 23, 24, 310, 311, 312, 313, 314, 315, 316, 430, 431, 432, 433, 434, 435]
[208, 209, 210]
[187, 188, 189, 190, 191, 192, 193, 194, 196, 197, 198, 199, 200, 201]
[659, 660, 718, 719, 720, 721, 722]
[132, 133, 134, 135, 136, 137, 147, 148, 149, 150]
[98, 99, 100, 101, 102, 130, 131, 132, 133, 134, 135]
[63, 399, 400, 401, 402, 403, 404, 633, 634, 635, 636, 637, 638]
[]
[96, 97, 98, 99, 100, 101, 102, 103]
[5, 6, 7, 8, 9, 10]
[91, 92, 93, 94, 95, 96]
[26, 27, 28, 29, 30]
[42, 43, 44, 45, 46, 47, 48, 49, 50, 118, 119, 120, 121, 122, 123, 124]
[]
[15, 16, 17, 18, 19, 20, 21, 22, 23, 214, 215, 216, 217, 218, 219, 220, 311, 312, 313, 314, 315, 316, 317, 318]
[48, 49, 50]
[9, 10, 11, 12, 13, 14, 15, 16, 17]
[42, 43, 44, 45, 46, 47]
[16, 17, 18, 19]
[122, 123, 124, 125, 143, 144, 145, 146, 147, 148, 149, 150, 151, 152, 153]
[349, 350, 351, 352, 353, 354, 355, 356, 357, 554, 555, 556, 557, 558, 559, 560, 561, 609, 610, 611, 612, 613, 614, 615, 616]
[248, 249, 250, 251, 252, 253]
[]
[327, 328, 329, 330, 331, 332]
[149, 150, 151, 152, 153, 533, 534, 535, 536]
[9, 10, 11, 12, 13, 14, 209, 210, 211, 212]
[17, 18, 19, 20, 21, 22, 63, 64, 65, 66, 67, 68]
[4, 5, 6, 7, 8, 9]
[77, 78, 79, 80, 81, 82]
[98, 99, 100, 101]
[13, 14, 15, 16, 17, 18, 19, 20, 21, 22]
[19, 20, 21, 22, 23]
[31, 32, 33, 34, 35, 36]
[8, 9, 10, 11, 12, 13]
[53, 54, 55, 56, 57, 58]
[493, 494, 495, 496, 497, 498]
[9, 10, 11, 12, 13]
[72, 73, 74, 75, 76, 77]
[72, 73, 74, 75, 76]
[37]
[284, 285, 286, 287, 288, 289, 290, 291]
[14, 15, 16, 17, 18, 19, 20, 21, 22, 23, 48, 49, 50, 51, 52, 53, 54, 55, 56, 77, 78, 79, 80, 81, 82, 83, 84, 85, 129, 130, 131, 132, 133, 134, 135, 136, 137]
[48, 49, 50, 51, 52, 303, 304, 305, 306, 307, 308, 309, 310]
[60, 61, 62, 63, 64, 65, 66, 68, 69, 70, 71, 72]
[9, 10, 11, 12, 13, 14, 30, 31, 32, 33]
[22, 23, 24, 25, 26, 27]
[23, 24, 25, 26, 27, 28, 29, 30, 78, 79, 80, 81, 132, 133, 134, 135, 136, 137]
[11, 12, 13, 14, 15, 16, 17, 18, 19, 20, 122, 123, 124, 125, 159, 160, 161, 162, 163, 164, 165, 166]
[0, 1, 2, 3, 39, 40, 41, 42]
[4, 5, 6, 7, 8]
[104, 105, 106, 107]
[20, 21, 22, 23, 24]
[94, 95, 96, 97, 98, 99]
[961, 962, 963, 964, 965]
[69, 70, 71, 72, 73, 74, 75, 76, 77]
[112, 113, 114, 115, 116]
[22, 23, 24, 25, 26, 27, 30, 31, 32, 33, 34, 35, 36, 39, 40, 41, 42, 43, 44]
[29, 30, 31, 32, 33, 34, 35, 36]
[151, 152, 153, 154, 155, 156, 157, 158, 199, 200, 201, 202, 203, 204, 205]
[18, 19, 20, 21]
[0, 1, 2, 3, 4, 5]
[]
[8, 9, 10, 36, 37, 38, 39, 40, 41, 74, 75, 76, 77, 132, 133, 134, 135, 136, 167, 168, 169, 170, 172, 173, 174, 175, 176, 177, 179, 180, 181, 182, 183, 196, 197, 198, 199, 200, 201, 220, 221, 222, 223, 224, 225, 226, 227, 228, 229, 433, 434, 435, 436, 437, 538, 539, 540, 541, 542, 699, 700, 701, 702, 703, 865, 866, 867, 868, 869, 870, 871, 872, 874, 875, 876, 877, 878]
[5, 6, 7, 8, 9, 10, 11, 12]
[12, 13, 14, 15, 16, 18, 19, 20, 21, 22]
[138, 139, 140, 141, 142, 143]
[9, 10, 11, 12, 13, 176, 177, 178, 179]
[53, 54, 55, 56, 57, 58, 59, 60, 61, 64, 65, 66, 67]
[0, 1, 2, 3, 4, 5, 6, 7, 8, 9, 11, 12, 13]
[31, 32, 33, 34, 35, 36]
[47, 48, 49, 50, 51, 52, 73, 74, 75, 76, 77, 78]
[338, 339, 340, 341, 342, 343, 344, 345]
[136, 137, 138, 139, 140, 141, 142, 143, 144, 145, 146]
[81, 82, 83, 84, 185, 186, 187, 188, 189, 190, 191]
[110, 111, 112, 113, 114, 244, 245, 246, 247, 248, 249]
[]
[]
[156, 157, 158, 159, 160]
[128, 129, 130, 131, 132, 133]
[18, 19, 20, 21, 22, 124, 125, 126, 127, 128, 256, 257, 258, 259, 260, 261, 430, 431, 432, 433, 434, 456, 457, 458, 459, 460, 461, 462, 463, 464, 465, 466]
[107, 108, 109, 110, 111, 112]
[14, 15, 16, 17, 18, 19]
[80, 141, 142, 143, 144, 145, 146]
[67, 68, 69, 70, 71, 72, 73]
[177, 178, 179, 180, 181, 182]
[]
[25, 26, 27, 28, 29, 365, 366, 367, 368, 369, 370, 371, 617, 618, 619, 620, 621, 622, 623, 793, 794, 795, 796, 859, 860, 861, 862]
[58, 59, 60]
[87, 88, 89, 90, 109, 110, 111, 112, 113]
[45, 46, 47, 48, 49, 50]
[]
[67, 68, 69, 70, 71, 81, 82, 83, 84, 85, 86, 414, 415, 416, 417, 418, 419, 421, 422, 423, 424, 425]
[93, 94, 95, 96, 97, 98, 99, 100, 101, 102]
[]
[18, 19, 20]
[]
[]
[0, 1, 2, 3, 4]
[]
[11, 12, 13, 14, 15, 16]
[191, 192, 193, 194, 195, 255, 256, 257, 258, 259, 260, 261]
[121, 122, 123, 124, 125, 127, 128, 129, 130, 131, 132, 133, 134, 135]
[47, 48, 49, 50, 51, 61, 62, 63, 64, 65, 66, 67]
[339, 340, 341, 342, 343, 344, 345, 346, 347, 348]
[37, 38, 39, 40, 41, 42, 43, 44, 45]
[398, 399, 400, 401, 402, 403]
[808, 809, 810, 811, 812, 813]
[28, 29, 30, 31]
[8, 9, 10, 11, 12]
[55, 56, 57, 58, 59, 60]
[5, 6, 7, 8]
[31, 32, 33, 34, 35, 36]
[572, 573, 574, 575, 576, 577, 578, 579, 580, 581, 582, 583, 584, 585, 586, 587, 588, 589, 590]
[30, 31, 32, 33, 34, 35, 36, 37, 38]
[]
[]
[4, 5, 6, 7, 8, 9, 56, 57, 58, 59, 60, 61, 62]
[]
[34, 35, 36, 37, 47, 48, 49, 50, 51, 82, 83, 84, 85, 86]
[13, 14, 15, 16]
[44, 45, 46, 47, 48]
[32, 33, 34, 35, 36, 37, 43, 44, 45, 46]
[9, 10, 11, 12, 13, 14]
[8, 9, 10, 11, 12, 292, 293, 294, 295]
[0, 1, 2, 3, 4, 5]
[54, 55, 56, 57, 58, 59]
[0, 1, 2, 3, 4, 5]
[666, 667, 668, 669, 670, 671, 672]
[0, 1, 2, 3, 4, 5, 6, 7, 8, 9, 11, 12, 13, 14, 15]
[43, 44, 45, 46, 47]
[22, 23, 24, 25]
[]
[]
[92, 93, 94, 95, 96, 97]
[0, 1, 2, 3, 4, 5, 6, 7, 8, 9, 108, 109, 110, 111]
[]
[33, 34, 35, 36, 37, 38, 39, 150, 151, 152, 153, 154]
[309, 310, 311, 312, 313, 314, 349, 350, 351, 352, 353]
[]
[63, 64, 65, 66]
[45, 46, 47, 48, 420, 421, 422, 423, 424, 425, 607, 608, 609, 610, 611, 612, 805, 806, 807, 808, 809, 810, 811, 812]
[58, 59, 60, 61, 62, 63]
[12, 13, 14, 15, 16, 17]
[8, 9, 10, 11, 12, 166, 167, 168, 169, 170]
[0, 1, 2, 3, 4, 5, 6, 7, 8, 9]
[49, 50, 51, 52, 53, 54, 95, 96, 97, 98, 99, 100, 101, 102, 249, 250, 251, 252]
[56, 57, 58, 59, 61, 62, 63, 64]
[108, 109, 110, 111, 112, 113, 115, 116, 117, 118, 119, 120, 121]
[]
[330, 331, 332, 333, 334, 335, 336]
[58, 59, 60, 61]
[31, 32, 33, 34, 35]
[14, 15, 16, 17, 18, 19, 20, 21, 22, 23, 24, 25]
[139, 140, 141, 142, 143, 144, 145, 146]
[193, 194, 195, 196]
[26, 27, 28, 29, 30, 31]
[]
[193, 194, 195, 196, 197, 198]
[151, 152, 153, 154, 155, 156, 176, 177, 178, 179, 180, 181, 182, 183, 184, 185, 186, 188, 189, 190, 191]
[]
[130, 131, 132, 133, 134, 135]
[30, 31, 32, 33, 34, 35]
[23, 24, 25, 26, 28, 29, 30, 32, 33, 34, 35, 113, 114, 115, 116]
[23, 24, 25, 26, 27, 28, 29, 30, 31]
[234, 235, 236, 237, 238, 239, 259, 260, 261, 262, 263, 264]
[28, 29, 30, 31, 32, 33, 34, 35]
[59, 60, 61, 62, 63, 64, 65, 66]
[78, 79, 80, 81, 196, 197, 198, 199, 200]
[211, 212, 213, 214, 215]
[10, 11, 12, 13, 14]
[19, 20, 21, 22, 23, 31, 32, 33, 34, 35]
[57, 58, 59, 60, 61, 62]
[293, 294, 295, 296, 297, 298, 299]
[44, 45, 46, 47, 48, 49, 50, 51, 52, 53]
[11, 12, 13, 14, 15]
[40, 41, 42, 43, 44]
[37, 38, 39, 40, 41, 42, 43]
[20, 21, 22, 23, 24, 25]
[190, 191, 192, 193, 194, 195, 196, 197, 198, 199]
[4, 5, 6, 7, 8, 9, 25, 26, 27, 28, 29, 30, 39, 40, 41, 42, 43, 44, 45, 46, 95, 96, 97, 98, 99, 100, 169, 170, 171, 172, 173, 174]
[227, 228, 229, 230]
[665, 666, 667, 668, 669, 670, 671, 780, 781, 782, 783, 784, 785]
[16, 17, 18, 19, 20, 21, 22, 23, 24, 25]
[0, 1, 2, 3, 4, 5, 6, 7, 8, 9]
[4, 5, 6, 7, 8, 9, 10]
[130, 131, 132, 133, 155, 156, 157, 158, 159, 160, 161, 162, 163]
[60, 61, 62, 63, 64, 65, 66, 67, 69, 70, 71, 72]
[49, 50, 51, 52]
[117, 118, 119, 120, 121, 122]
[47, 48, 49, 50, 51, 52]
[84, 85, 86, 87, 88, 89, 112, 113, 114, 115, 116, 117]
[0, 1, 2, 3, 4, 5]
[205, 206, 207, 208, 209, 210, 211]
[4, 5, 6, 7, 8, 34, 35, 36, 37, 38, 39, 40, 158, 159, 160, 161, 162, 183, 184, 185, 186, 187]
[13, 14, 15, 16, 17, 18, 19, 20, 21, 22]
[144, 145, 146, 147, 148]
[31, 32, 33, 34, 35]
[8, 9, 10, 11, 12, 84, 85, 86, 87, 88]
[123, 124, 125, 126, 127, 128]
[29, 30, 31, 32]
[]
[]
[25, 26, 27, 28, 29]
[75, 76, 77, 78]
[55, 56, 57, 58, 59, 60, 61, 62, 63, 64]
[104, 105, 106, 107, 108, 109]
[26, 27, 28, 29, 30, 31]
[70, 71, 72, 73, 74, 75]
[]
[6, 7, 8, 9]
[7, 8, 9, 10]
[358, 359, 360, 361, 362, 363]
[]
[]
[]
[145, 146, 147, 148, 149, 150]
[11, 12, 13, 14, 15, 153, 154, 155, 156, 157, 158, 159, 160, 161, 162, 163]
[11, 12, 13, 14]
[20, 21, 22, 23, 24]
[144, 145, 146, 147]
[142, 143, 144, 145, 146]
[195, 196, 197, 198, 199]
[19, 20, 21, 22, 23]
[11, 12, 13, 14]
[41, 42, 43, 44, 45, 46]
[239, 240, 241, 242]
[90, 91, 92, 93, 105, 106, 107, 108, 109, 110, 111, 112, 113, 114, 115, 116]
[]
[11, 12, 13, 14, 15, 16, 17, 18]
[39, 40, 41, 42, 43, 44]
[251]
[]
[55, 56, 57, 58, 59, 60, 61, 62]
[]
[12, 13, 14, 15, 16, 17, 23, 24, 25, 26, 27, 28, 29, 30, 186, 187, 188, 189, 190, 191, 192, 193]
[53, 54, 55, 56, 57, 58, 59, 60, 61, 258, 259, 260, 261, 262, 263]
[]
[49, 50, 51, 52, 53, 54, 147, 148, 149, 150, 151, 152, 350, 351, 352, 353]
[135, 136, 137, 138, 139, 249, 250, 251, 252, 253, 254, 265, 266, 267, 268, 269, 270, 271]
[114, 115, 116, 117, 118, 119, 120, 121, 122]
[8, 9, 10, 11, 12]
[68, 69, 70, 71, 168, 169, 170, 171]
[133, 134, 135, 136, 137, 138]
[143, 144, 145, 146, 147]
[11, 12, 13, 14, 15, 16, 17, 18, 19, 20]
[50, 51, 52, 53, 54, 55]
[14, 15, 16, 17, 18, 19, 20, 21, 39, 40, 41, 42, 43, 44, 45, 46, 47]
[7, 8, 9, 10, 11]
[8, 9, 10, 11, 12]
[15, 16, 17, 18, 19, 20]
[83, 84, 85, 86]
[0, 1, 2, 3, 4]
[278, 279, 280, 281, 282]
[0, 1, 2, 3, 4]
[1, 2, 3, 4, 5, 56, 57, 58, 59, 60]
[]
[302, 303, 304, 305, 306, 307, 308]
[20, 21, 22, 23, 24]
[16, 17, 18, 19, 20]
[66, 67, 68, 69, 70, 71, 72, 73, 74, 83, 84, 85, 94, 95, 96, 97, 98, 99, 100, 101, 102]
[415, 416, 417, 418]
[73, 74, 75, 76, 77, 78, 79]
[0, 1, 2, 3]
[429, 430, 431, 432, 510, 511, 512, 513, 514, 515, 516, 517]
[26, 27, 28, 29, 30, 31]
[]
[32, 33, 34, 35, 36, 37, 38, 107, 108, 109, 110, 129, 130, 131, 132]
[68, 69, 70, 71, 76, 77, 78, 79, 80, 81, 82, 83, 84, 85]
[207, 208, 209, 210, 211, 212, 213, 214, 215, 216]
[15, 16, 17, 18, 19, 20, 21, 22, 23, 24, 25, 26, 27, 28, 30, 31, 32, 33, 57, 58, 59, 60, 61, 62, 63, 64, 65, 66, 67, 68, 69, 70, 72, 73, 74, 75, 95, 96, 97, 98, 99, 100, 101, 102, 103, 104, 105, 106, 107, 108, 110, 111, 112, 113]
[119, 120, 121, 122, 123, 124, 125, 131, 132, 133, 134, 135, 136, 137, 138, 139]
[34, 35, 36, 37, 38, 39, 40, 41, 62, 414, 415, 416, 417, 418, 419]
[58, 59, 60, 61, 62, 63, 64]
[39, 40, 41, 42, 43]
[8, 9, 10, 11, 12, 154, 155, 156, 157, 158, 159, 160, 300, 301, 302, 303, 304, 305, 306, 545, 546, 547, 548, 549, 550, 551, 582, 583, 584, 585, 586, 587, 588, 589, 590, 606, 607, 608, 609, 610, 611, 612, 613, 614, 658, 659, 660, 661, 679, 680, 681, 682, 683, 684]
[36, 37, 38, 39, 40, 41, 42, 43, 44, 45]
[5, 6, 7, 8, 9]
[343, 344, 345, 346, 347, 348, 349, 350, 351, 352]
[31, 32, 33, 34, 35, 36, 37, 38, 39, 579, 580, 581, 582, 583]
[224, 225, 226, 227, 228, 229]
[45, 46, 47, 48, 49, 50, 51, 52, 82, 83, 84, 85, 86, 87, 88, 89, 90]
[43, 44, 45, 46]
[178, 179, 180, 181, 182, 183, 184, 185, 186, 209, 210, 211, 212, 213, 214, 220, 221, 222, 223, 224, 225, 226, 227, 228]
[]
[40, 41, 42, 43, 44, 54, 55, 56, 57, 58, 59, 60, 61]
[8, 9, 10, 11, 12, 13, 14]
[]
[155, 156, 157, 158, 159, 160, 161, 162, 163, 164, 166, 167, 168, 273, 274, 275, 276, 277, 278, 281, 282, 283, 284, 285, 286, 287, 288, 289, 305, 306, 307, 308, 309, 310, 311]
[]
[]
[23, 24, 25, 26, 27, 85, 86, 87, 88, 89, 90, 91, 92, 299, 300, 301, 302]
[11, 12, 13, 14, 15]
[4, 5, 6, 7, 8, 9]
[4, 5, 6, 7, 8, 9, 10, 105, 106, 107, 108, 109, 110]
[146, 147, 148, 149, 150, 151]
[98, 99, 100, 101, 102, 103, 483, 484, 485, 486, 487, 488, 489, 490]
[96, 97, 98, 99]
[171, 172, 173, 174, 175, 176, 177, 178]
[328, 329, 330, 331, 332]
[87, 88, 89, 90, 91, 92]
[]
[48, 49, 50, 51, 52]
[233, 234, 235, 236, 237, 523, 524, 525, 568, 569, 570, 571, 572]
[109, 110, 111, 112, 113, 114]
[128, 129, 130, 131, 132, 133]
[25, 26, 27, 28, 29, 30, 31, 32, 33, 34, 35, 36, 38, 39, 40, 41, 47, 48, 49, 50, 51, 52, 53, 54, 55]
[37, 38, 39, 66, 67, 68, 69, 70, 71, 72, 114, 115, 116, 117, 118, 119, 149, 150, 151, 152, 153, 159, 160, 161, 162, 163, 164, 165, 166, 167, 168, 169, 170, 171, 172, 173, 174, 175, 176, 247, 248, 249, 250, 251, 252, 253, 254, 323, 324, 325, 326, 327, 328, 329, 331, 332, 333, 334, 335, 336, 433, 434, 435, 436, 437, 438]
[17, 18, 19, 20, 21, 22]
[33, 34, 35, 36]
[19, 20, 21, 22, 23, 24]
[35, 36, 37, 38, 39, 50, 51, 52, 53, 54, 55, 56, 57, 97, 98, 99, 100, 101, 102]
[88, 89, 90, 91, 92]
[39, 40, 41, 42, 43, 44]
[27, 28, 29, 30, 52, 53, 54, 55, 56, 57, 58, 59, 847, 848, 849, 850, 851, 852, 853, 854, 861, 862, 863, 864]
[92, 93, 94, 95]
[148, 149, 150, 151, 152, 153, 154, 155, 156, 157]
[371, 372, 373, 374, 375, 376, 671, 672, 673, 674, 675]
[78, 79, 80, 81, 82, 83, 84, 85, 87, 88, 89, 90, 91, 92]
[10, 11, 12, 13, 14]
[]
[350, 351, 352, 353]
[64, 65, 66, 67, 68, 69, 116, 117, 118, 119, 120, 165, 166, 167, 168, 169]
[31, 32, 33, 34]
[32, 33, 34, 35]
[5, 6, 7, 8, 9, 10, 11, 12, 13]
[165, 166, 167, 168, 169, 170, 171, 172, 173, 174, 195, 196, 197, 198, 199, 200, 202, 203, 204, 205, 206]
[86, 87, 88, 89, 114, 115, 116, 117, 118]
[347, 348, 349]
[177, 178, 179, 180, 181, 182, 190, 191, 192, 193, 194, 195]
[79, 80, 81, 82, 525, 526, 527]
[80, 81, 82, 83, 84, 85, 86, 87, 152, 153, 154, 155, 156, 157, 197, 198, 199, 200, 201, 202]
[135, 136, 137, 138, 139, 140, 141, 142]
[240, 241, 242, 243, 244, 245, 276, 277, 278, 279, 280, 281, 282]
[135, 136, 137, 138, 139, 140]
[]
[96, 97, 98, 99]
[39, 40, 41, 42, 43, 75, 76, 77, 78, 79, 80, 81, 82]
[4, 5, 6, 7, 8, 45, 46, 47, 48, 49, 50]
[7, 8, 9, 10, 11, 12, 13]
[12, 13, 14, 15, 16, 17]
[74, 75, 76, 77, 78, 79, 80, 101, 102, 103, 104, 105, 106, 107]
[39, 40, 41, 42, 43, 44]
[177, 178, 179, 180, 181, 182, 183, 184, 185, 186]
[21, 22, 23, 24, 25, 26]
[9, 10, 11, 12, 13, 14, 15]
[82, 83, 84, 85, 86, 87, 88, 89, 121, 122, 123, 124]
[58, 59, 60, 61, 62, 63, 64, 65, 66, 67, 72]
[]
[134, 135, 136, 137, 138]
[22, 23, 24, 25, 26, 27, 28, 29]
[351, 352, 353, 354, 355, 356, 357]
[787, 788, 789, 790, 916]
[230, 231, 232, 233, 234, 235, 279, 280, 281, 282, 283, 284, 285]
[153, 154, 155, 156, 157, 158, 159, 160, 199, 200, 201]
[17, 18, 19, 20, 21]
[14, 15, 16, 17, 18, 19, 20, 21]
[17, 18, 19, 20, 21, 22]
[78, 79, 80, 81, 82, 83, 97, 98, 99, 100, 101]
[194, 195, 196, 197, 198, 199, 200, 218, 219, 220, 221, 222, 223, 321, 322, 323, 324, 325, 326, 327, 328, 329, 330, 331, 332, 370, 371, 372, 373, 374, 375, 376, 377, 378, 379]
[20, 21, 22, 23, 24, 25, 219, 220, 221, 222, 223, 224, 225, 226]
[69, 70, 71, 72, 73, 74]
[20, 21, 22, 23, 24, 25, 26]
[87, 88, 89, 90]
[703, 704, 705, 706, 707, 708, 709, 710, 711, 721]
[18, 19, 20, 21, 22, 23, 24]
[59, 60, 61, 62, 63, 64, 66, 67, 68, 69, 70, 71, 96, 97, 98, 99]
[56, 57, 58, 59, 60, 61, 62, 63]
[15, 16, 17, 18, 19, 20, 21]
[25, 26, 27, 28, 29, 152, 153, 154, 155]
[62, 63, 64, 65, 66, 67, 68, 69, 70]
[59, 60, 61, 62, 63]
[182, 183, 184, 185, 186, 187, 198, 199, 200, 201, 202, 203]
[]
[30, 31, 32, 33, 34, 35, 36, 236, 237, 238, 239, 240, 241, 242, 243, 435, 436, 437, 438, 439, 440, 441, 442, 443]
[196, 197, 198, 199, 200]
[90, 91, 92, 93, 94, 95]
[]
[25, 26, 27, 28, 29, 30]
[150, 151, 152, 153, 154, 189, 190, 191, 192, 193, 194]
[12, 13, 14, 15, 16, 17, 45, 46, 47, 48]
[51, 52, 53, 54, 55, 56, 57]
[50, 51, 52, 53, 54, 55, 56]
[14, 15, 16, 17, 18, 19, 20, 21]
[34, 35, 36, 37, 38, 39]
[36, 37, 38, 39, 40, 104, 105, 106, 107, 108, 109]
[14, 15, 16, 17, 18, 19]
[51, 52, 53, 54, 55, 56, 57]
[]
[20, 21, 22, 23, 24, 25]
[23, 24, 25, 26, 27]
[11, 12, 13, 14, 15, 16, 17, 18, 19, 20]
[116, 117, 118, 119, 120]
[230, 231, 232, 233, 234, 235, 236]
[191, 192, 193, 194, 195, 196, 197, 198, 199]
[19, 20, 21, 22, 23, 24, 107, 108, 109, 110, 111, 112, 153, 154, 155, 156, 157, 158]
[75, 76, 77, 78, 79]
[332, 333, 334, 335, 336, 337, 338, 339]
[8, 9, 10, 11, 12, 28, 29, 30, 31, 32, 33, 34, 35, 36, 37]
[10, 11, 12, 13, 14, 36, 37, 38, 39, 40]
[35, 36, 37, 38, 39, 40, 41, 42, 43, 44, 45, 46, 99, 100, 101, 102, 103, 104, 105, 106, 107, 108, 109, 110, 204, 205, 206, 207, 208, 209]
[0, 1, 2, 3]
[141, 142, 143, 144, 145]
[206, 207, 208, 209, 210, 211, 278, 279, 280, 281]
[]
[46, 47, 48, 49]
[0, 1, 2, 3, 4, 5, 6, 7]
[]
[74, 75, 76, 77, 78, 79]
[]
[50, 51, 52, 110, 111, 112, 113, 114]
[0, 1, 2, 3, 20, 21, 22]
[10, 11, 12, 13, 14, 15, 16]
[]
[26, 27, 28, 29, 30, 31, 32, 33, 34, 48, 49, 50, 51, 52, 53, 54, 55, 56]
[0, 1, 2, 3, 4]
[10, 11, 12, 13, 14, 82, 83, 84, 85, 86, 87]
[20, 21, 22, 23, 24, 82, 83, 84, 157, 158, 159, 160, 161]
[]
[]
[]
[]
[23, 24, 25, 26]
