[596, 597, 598, 599, 600, 601, 609, 610, 611, 612, 613, 614, 615, 616, 617]
[74, 75, 76, 77, 78, 79]
[25, 26, 27, 28, 29, 30]
[0, 1, 2, 3, 4, 5]
[19, 20, 21, 22, 23, 24]
[]
[274, 275, 276, 277, 278, 279]
[0, 1, 2, 3, 4]
[]
[]
[112, 113, 114, 115, 116]
[221, 222, 223, 224, 225]
[]
[22, 23, 24, 25]
[79, 80, 81, 82]
[]
[19, 20, 21, 22]
[32, 33, 34, 35, 36, 37, 281, 282, 283, 284, 285, 286, 287]
[311, 312, 313, 314, 315, 316]
[40, 41, 42, 43, 44, 45, 46, 47, 49, 50, 51, 52, 53, 144, 145, 146, 147, 148, 149, 150, 151]
[78, 79]
[215, 216, 217, 218, 219, 220, 221, 222]
[35, 36, 37, 38, 203, 204, 205, 206, 207, 208, 209, 237, 238, 239, 240, 258, 259, 260, 261, 262, 263, 274, 275, 276, 277, 297, 298, 299, 300, 301, 302, 303, 304, 306, 307, 308, 309, 400, 401, 402, 403, 404, 405, 406, 407]
[21, 22, 23, 24, 25, 26]
[20, 21, 22, 23, 24, 25]
[15, 16, 17, 18, 19, 20, 91, 92, 93, 94, 95, 96, 133, 134, 135, 136, 137, 138, 139, 140, 141, 142]
[122, 123, 124, 125, 126, 127]
[122, 123, 124, 125, 126, 127]
[134, 135, 136, 137]
[45, 46, 47, 48, 49, 50, 51]
[8, 9, 10, 11, 26, 27, 28, 29]
[108, 109, 110, 111]
[16, 17, 18, 19, 20, 21]
[43, 44, 45, 46, 47, 48]
[62, 63, 64, 65]
[511, 512, 513, 514, 515]
[0, 1, 2, 3, 4, 5, 6]
[27, 28, 29, 30]
[63, 64, 65, 66, 67, 68, 69, 130, 131, 132, 133, 134, 140, 141, 142, 143, 144, 145, 146, 147]
[]
[7, 8, 9, 10, 11, 12, 14, 15, 16, 17, 18, 19]
[18, 19, 20, 21, 22, 23, 24, 25]
[86, 87, 88, 89]
[693, 694, 695, 696, 697, 698, 699, 700, 701]
[30, 31, 32, 33, 40, 41, 42, 43]
[16, 17, 18, 19, 20, 21, 22, 23]
[123, 124, 125, 126, 127, 128, 129, 130, 132, 133, 134, 135]
[26, 27, 28, 29, 31, 32, 33, 34, 35, 36, 91, 92, 93, 94, 95, 96]
[16, 17, 18, 19, 20, 21]
[233, 234, 235, 236, 237, 238]
[39, 40, 41, 42, 130, 131, 132, 133, 134, 135, 388, 389, 390, 423, 424, 425, 426, 427, 428, 442, 443, 444, 445, 446, 447]
[46, 47, 48, 49, 50, 51]
[]
[209, 210, 211, 212, 213, 214, 450, 451, 452, 453, 454, 455, 530, 531, 532, 533, 534, 535, 707, 708, 709, 710, 711, 712]
[121, 122, 123, 124, 125, 126, 127]
[58, 59, 60, 61, 298, 299, 300, 301, 303, 304, 305, 306]
[87, 88, 89, 90, 365, 366, 367, 368, 369, 370, 406, 407, 408, 409, 410, 411, 450, 451, 452, 453, 454, 455, 456, 457, 458]
[107, 108, 109, 110, 111, 112]
[8, 9, 10, 11, 12]
[36, 37, 38, 39, 40, 41, 42, 105, 106, 107, 108, 109, 110, 111]
[47, 48, 49, 50, 105, 106, 107]
[77, 78, 79, 80]
[342, 343, 344, 345, 346, 347, 348, 349, 350]
[10, 11, 12, 13, 14]
[5, 6, 7, 8, 9, 10, 11]
[5, 6, 7, 8, 9, 10, 11, 12, 14, 15, 16, 17, 18, 19, 20]
[64, 65, 66, 67, 68, 69, 70, 85, 86, 87, 88, 89]
[]
[41, 42, 43, 44, 45, 46, 47, 160, 161, 162, 163, 164, 165, 166, 167, 168, 169]
[22, 23, 24, 25, 176, 177, 178, 179, 189, 190, 191, 192, 193, 194]
[86, 87, 88, 89]
[]
[0, 1, 2, 3]
[146, 147, 148, 149, 150, 151]
[37, 38, 39, 40, 41, 55, 56, 57, 58, 59]
[68, 69, 70, 71]
[103, 104, 105, 106, 107, 253, 254, 255, 256, 257]
[12, 13, 14, 15, 16]
[65, 66, 67, 68, 278, 279, 280, 281, 282, 283, 284, 285, 286, 287, 288, 289, 371, 372, 373, 374]
[]
[35, 36, 37, 38, 39, 40, 41, 42, 91, 92, 93, 94, 95, 96]
[373, 374, 375, 376, 377, 378]
[7, 8, 9, 10, 11, 12, 13, 14]
[]
[]
[65, 66, 67, 68, 69]
[4, 5, 6, 7]
[32, 33, 34, 35, 36, 37, 38, 39, 40, 41, 42, 43, 44, 45, 46, 47, 48, 49, 50, 51, 52]
[279, 280, 281, 282, 283, 284, 343, 344, 345, 346, 347]
[13, 14, 15, 16, 17]
[0, 1, 2, 11, 12, 13, 14]
[8, 9, 10, 11, 12, 13, 14, 15, 16, 17, 48, 49, 50, 51, 52, 53, 54, 55, 56, 57, 334, 335, 336, 337, 338, 339, 340, 341, 342, 343, 344]
[167, 168, 169, 170, 171, 172, 173, 174]
[106, 107, 108, 109]
[36, 37, 38, 39, 40, 140, 141, 142, 143, 144]
[57, 58, 59, 60, 61, 62, 63, 64, 65]
[144, 145, 146, 147, 148, 149, 150]
[9, 10, 11, 12, 13]
[]
[30, 31, 32, 33]
[5, 6, 7, 8]
[43, 44, 45, 46, 47, 48]
[]
[172, 173, 174, 175, 176, 405, 406, 407, 408, 409, 464, 465, 466, 467, 468, 469, 525, 526, 527, 528, 529, 530, 536, 537, 538, 539, 540, 541, 542, 654, 655, 656, 657, 658, 659, 665, 666, 667, 668, 669, 670, 671, 750, 751, 752, 753, 754, 755, 761, 762, 763, 764, 765, 766, 767, 889, 890, 891, 892, 893, 894, 900, 901, 902, 903, 904, 905, 906, 914, 915, 916, 917, 918, 932, 933, 934, 935, 936, 937, 938]
[12, 13, 14, 15]
[51, 52, 53, 54, 55, 56, 401, 402, 403, 404, 405, 406, 407, 408]
[73, 74, 75, 76, 77, 78]
[25, 26, 27, 28, 29, 30]
[17, 18, 19, 20, 21]
[197, 198, 199, 200, 201, 202, 203, 204, 205]
[141, 142, 143, 144, 145]
[134, 135, 136, 137, 138, 139, 140, 141, 142, 143, 144, 145, 146, 147, 148, 149, 152, 153, 154, 155, 156, 157]
[0, 1, 2, 3, 4, 5, 6, 7, 8, 9]
[136, 137, 138, 139, 140]
[18, 19, 20, 21]
[25, 26, 27, 28, 29, 30]
[40, 41, 42, 43, 44, 45, 46, 47, 48]
[19, 20, 21, 22]
[57, 58, 59, 60, 61]
[10, 11, 12, 13, 14, 15, 16]
[154, 155, 156, 157, 158, 159]
[164, 165, 166, 167, 168, 169, 170]
[14, 15, 16, 17, 18, 19, 102, 103, 104, 105, 106, 107]
[]
[33, 34, 35, 36, 37, 38]
[20, 21, 22, 23, 24, 25, 26, 27, 28, 29]
[0, 1, 2, 3]
[]
[265, 266, 267, 268, 269, 270, 295, 296, 297, 298, 299, 300, 400, 401, 402, 403, 485, 486, 487, 488, 489, 490]
[308, 309, 310, 311]
[]
[91, 92, 93, 94]
[61, 62, 63, 64, 65, 66]
[18, 19, 20, 21, 22, 23]
[1, 2, 3, 4, 5, 6, 7, 11, 12, 13, 14, 15, 16, 17, 18, 262, 263, 264, 265, 266, 267, 268, 269]
[14, 15, 16, 17, 18, 19, 56, 57, 58, 59, 60]
[97, 98, 99, 100, 101, 102, 103, 104]
[19, 20, 21, 22, 23, 24, 25, 26, 27, 28]
[38, 39, 40, 41, 42, 43, 44]
[97, 98, 99, 100, 101]
[79, 80, 81, 82, 83]
[117, 118, 119, 120]
[548, 549, 550, 551, 552, 553]
[21, 22, 23, 24, 25, 26, 27, 28]
[167, 168, 169, 170, 171, 172, 173, 174, 175]
[29, 30, 31, 32, 33]
[48, 49, 50, 51, 52]
[30, 31, 32, 33, 183, 184, 185, 186, 187]
[793, 794, 795, 796, 797, 798, 799]
[49, 50, 51, 52, 53, 54, 55]
[]
[29, 30, 31, 32]
[11, 12, 13]
[36, 37, 38, 39]
[38, 39, 40, 41, 42, 43, 44, 45, 46, 188, 189, 190, 191, 192, 193, 194, 195, 196]
[47, 48, 49, 50, 51, 52]
[245, 246, 247, 248, 249, 250]
[]
[49, 50, 51, 52, 53, 54, 55]
[4, 5, 6, 7, 8, 9]
[4, 5, 6, 7, 8, 9, 163, 164, 165, 166, 167, 168, 169]
[651, 652, 653, 654, 655, 656, 666, 667, 668, 669, 670, 671]
[42, 43, 44, 45, 46, 47, 48, 256, 257, 258, 259, 260, 288, 289, 290, 291, 292, 293]
[17, 18, 19, 20, 21, 73, 74, 75, 973, 974, 975, 976, 977, 978, 979, 980, 981, 982]
[]
[]
[153, 154, 155, 156, 157, 158, 159, 160, 161, 162, 163, 164, 165]
[18, 19, 20, 21, 22, 23, 24, 25]
[20, 21, 22, 23, 24, 25, 26, 27]
[798, 799, 800, 801, 802, 803, 804, 805, 806, 807]
[39, 40, 41, 42]
[36, 37, 38, 39, 40, 41, 629, 630, 631, 632, 633, 634, 635, 636, 663, 664, 665, 666, 667, 668, 904, 905, 906, 907]
[45, 46, 47, 48]
[4, 5, 6, 7, 8, 185, 186, 187, 188, 189, 190, 191, 192, 194, 195, 196, 197, 198, 276, 277, 278, 279, 280, 281, 282, 283]
[11, 12, 13, 14, 15, 16, 17, 18, 19]
[0, 1, 2, 3, 4, 5, 6, 7, 8, 9, 10, 11, 306, 307, 308, 309, 310, 311, 325, 326, 327, 328, 329, 330, 331]
[4, 5, 6, 7, 8, 9, 10, 11, 12, 13, 14, 15, 16, 17, 18, 19, 20, 21, 22, 23, 35, 36, 37, 38, 39, 40, 41, 42, 44, 45, 46, 47, 48, 49, 50, 51, 52, 60, 61, 62, 63, 64, 65, 66, 67, 68, 147, 148, 149, 150, 151, 152, 153, 271, 272, 273, 274]
[56, 57, 58, 59]
[57, 58, 59, 60, 61, 62, 227, 228, 229, 230, 231, 232]
[66, 67, 68, 69, 70]
[71, 72, 73, 74, 75, 76, 77, 78, 79, 80, 81, 82, 83, 84, 85, 86, 87, 88, 89, 90, 91, 105, 106, 107, 108, 109]
[82, 83, 84, 85, 86, 87, 95, 96, 97, 98, 99, 100]
[80, 81, 82, 83, 84]
[12, 13, 14, 15, 16, 17, 18, 19, 218, 219, 220, 221, 222, 223]
[89, 90, 91, 92, 93, 206, 207, 208, 209, 210, 211, 212, 213, 214]
[15, 16, 17, 18, 19]
[93, 94, 95, 96, 97, 98, 99, 100, 101, 102, 103, 104, 238]
[693, 694, 695, 696, 697, 698, 699, 717, 718, 719, 720, 721]
[0, 1, 2, 3, 4, 5, 6, 7, 8, 9, 10, 11, 12, 13, 14, 15, 16]
[28, 29, 30, 31, 32]
[15, 16]
[122, 123, 124, 125, 126, 127, 128, 176, 177, 178, 179, 180]
[25, 26, 27, 28, 29, 30, 134, 135, 136, 137, 138, 139, 140, 141, 142]
[109, 110, 111, 112]
[152, 153, 154, 155, 156, 157, 162, 163, 164, 165]
[134, 135, 136, 137, 138, 139, 140, 141, 142, 317, 318, 319, 320, 321]
[29, 30, 31, 32, 33, 34, 35, 36, 37]
[8, 9, 10, 11, 12, 13, 14, 15, 16]
[81, 82, 83, 84, 85, 86]
[33, 34, 35, 36, 37, 38, 39, 40]
[0, 1, 2, 3, 4, 5, 16, 17, 18, 19]
[95, 96, 97, 98, 99, 100, 101, 103, 104, 105, 106, 107, 108, 109]
[0, 1, 2, 3, 4, 5, 6]
[26, 27, 28, 29, 30, 31, 32, 33, 34, 35, 72, 73, 74, 75, 76, 220, 221, 222, 223, 224]
[161, 162, 163, 164, 165, 166, 276, 277, 278, 279, 280, 281, 282, 283]
[297, 298, 299, 300, 301, 302, 303, 304, 305, 306, 760, 761, 762, 763, 764, 765, 766, 767, 768]
[24, 25, 26, 27, 28, 29, 30]
[281, 282, 283, 284, 327, 328, 329, 330]
[]
[291, 292, 293, 294, 295, 296, 297]
[193, 194, 195, 196, 388, 389, 390, 391, 392, 393, 394, 395, 396, 397]
[41, 42, 43, 44, 45]
[104, 105, 106, 107, 108, 109]
[14, 15, 16, 17, 18, 19]
[0, 1, 2, 3, 4, 5, 6, 7, 8, 9, 10, 11, 12]
[13, 14, 15, 16, 17, 18]
[]
[18, 19, 20, 21, 22, 23, 167, 168, 169, 170, 171, 172, 173, 174]
[37, 38, 39, 40, 41, 42]
[]
[310, 311, 312, 313, 314]
[22, 23, 24, 25, 26, 27, 28]
[9, 10, 11, 12, 35, 36, 37, 38]
[56, 57, 58, 59, 60, 61, 62, 79, 80, 81, 82, 83, 84]
[115, 116, 117, 118, 119]
[315, 316, 317, 318, 319, 320, 425, 426, 427, 428, 429, 430, 431, 440, 441, 442, 443, 459, 460, 461, 462, 463, 464, 465]
[24, 25, 26, 27, 28, 29, 30, 143, 144, 145, 146, 147, 148, 149, 150]
[215, 216, 217, 218, 219, 220]
[115, 116, 117, 118, 119, 120]
[66, 67, 68, 69]
[16, 17, 18, 19, 20]
[116, 117, 118, 119, 120, 121, 122, 123, 124]
[981, 982, 983, 984, 985, 986, 987]
[4, 5, 6, 7, 8, 433, 434, 435, 436, 437]
[17, 18, 19, 20, 21, 22, 23, 24, 25, 26, 27, 28, 29, 30]
[35, 36, 37, 38, 49, 50, 51, 52, 53, 54, 55, 56, 57, 58]
[44, 45, 46, 47, 48, 49, 66, 67, 68, 69, 70, 71]
[37, 38, 39, 40, 41, 42, 43]
[263, 264, 265, 266, 267, 268]
[5, 6, 7, 8, 9, 10, 11]
[64, 65, 66, 67, 68]
[34, 35, 36, 37, 38]
[194, 195, 196, 197, 198, 199]
[137, 138, 139, 140]
[]
[]
[44, 45, 46, 47, 48]
[]
[35, 36, 37, 38, 39, 107, 108, 109, 110, 111, 112]
[]
[28, 29, 30, 31]
[0, 1, 2, 3, 4, 5]
[216, 217, 218, 219, 220, 221, 222]
[49, 50, 51, 52, 53, 54, 55, 56]
[]
[]
[29, 30, 31, 32, 33]
[37, 38, 39, 40, 41, 42, 198, 199, 200, 201, 202, 203]
[82, 83, 84, 85, 86]
[41, 42, 43, 44, 45, 116, 117, 118, 119, 120]
[59, 60, 61, 62, 63, 64]
[41, 42, 43, 44, 45, 46, 212, 213, 214, 215, 216, 217]
[13, 14, 15, 16, 17, 18, 19, 20, 21, 22, 23, 24, 25, 273, 274, 275, 276, 277, 278, 279]
[98, 99, 100, 101, 102, 123, 124, 125, 126, 127, 128]
[301, 302, 303, 304]
[38, 39, 40, 41, 42, 43, 44, 45]
[8, 9, 10, 11, 12, 13, 14, 15, 16, 17, 18, 82, 83, 84, 85]
[245, 246, 247, 248, 249, 250, 251]
[156, 157, 158, 159, 160, 161, 162, 163, 164, 165]
[9, 10, 11, 12, 13, 14, 15, 52, 53, 54, 55]
[71, 72, 73, 74, 75, 76, 77]
[62, 63, 64, 65]
[0, 1, 2, 3]
[]
[6, 7, 8, 9]
[]
[10, 11, 12, 13, 14, 65, 66, 67, 68, 69, 70]
[0, 1, 2, 3]
[18, 19, 20, 21, 22]
[27, 28, 29, 30, 31, 32, 33, 34, 35]
[4, 5, 6, 7, 8, 9, 10, 11, 12, 13, 14, 15, 16, 17, 18, 19, 20, 21, 22, 23, 86, 87, 88, 89, 90, 91, 92, 93, 94, 174, 175, 176, 177, 178, 179, 180, 181, 183, 184, 185, 186, 187, 188, 189, 190, 191]
[19, 20, 21, 22]
[]
[5, 6, 7, 8, 9, 15, 16, 17, 18, 19, 20, 21, 22, 23]
[20, 21, 22, 23, 24, 25, 26, 27, 28, 29, 62, 63, 64, 65, 66, 67, 68]
[96, 97, 98, 99, 100, 101, 102]
[492, 493, 494, 495, 496]
[205, 206, 207, 208, 209, 210, 211, 212, 213, 214]
[13, 14, 15, 128, 129, 130, 131, 692, 693, 694, 695, 696, 697, 698, 699]
[10, 11, 12, 13, 14, 15, 16, 17, 18]
[]
[]
[66, 67, 68, 69, 70, 71, 72, 73, 74, 75, 146, 147, 148, 149]
[24, 25, 26, 27, 28, 604, 605, 606]
[226, 227, 228, 229, 230, 231]
[8, 9, 10, 11, 12, 13]
[154, 155, 156, 157, 158, 159, 160, 161, 162, 163]
[6, 7, 8, 9, 10, 129, 130, 131, 132, 133, 134, 135, 136, 137, 138]
[179, 180, 181, 182]
[15, 16, 17, 18, 19, 20, 21]
[21, 22, 23, 24, 25, 26]
[98, 99, 100, 101, 102, 103]
[503, 504, 505, 506, 507, 508, 509, 510]
[169, 170, 171, 172, 173, 174, 175, 176, 177]
[63, 64, 65, 66, 67, 68, 69]
[9, 10, 11, 12, 50, 51, 52, 53]
[21, 22, 23, 24, 25, 26, 27, 28, 29]
[163, 164, 165, 166, 167, 168]
[]
[132, 133, 134, 135, 136, 137, 138, 139, 142, 143, 144, 145, 146, 147, 148, 149, 150, 151, 152, 153, 154, 155]
[11, 12, 13, 14, 15, 308, 309, 310, 311, 312, 313, 314, 315, 316]
[0, 1, 2, 3]
[]
[]
[86, 87, 88, 89, 90, 91, 92, 93, 217, 218, 219, 220, 221]
[8, 9, 10, 11, 12, 13, 14, 15, 123, 124, 125, 126, 127, 128]
[24, 25, 26, 27, 28, 29, 30, 31]
[201, 202, 203, 204, 205, 206, 207, 208, 209, 210]
[327, 328, 329, 330, 331, 332]
[216, 217, 218, 219]
[114, 115, 116, 117, 118, 119]
[5, 6, 7, 8, 9, 84, 85, 86, 87, 88, 89, 90, 91, 92, 93]
[12, 13, 14, 15, 16, 17, 113, 114, 115, 116]
[]
[108, 109, 110, 111]
[38, 39, 40, 41, 67, 68, 69, 70, 71, 72]
[]
[158, 159, 160, 161, 162, 163, 164, 165, 196, 197, 198, 199, 200]
[38, 39, 40, 41, 68, 69, 70, 71, 72, 73, 74, 75]
[591, 592, 593, 594, 595, 934, 935, 936, 937, 938]
[47, 48, 49, 50, 51, 52, 115, 116, 117, 118, 119, 120, 150, 151, 152, 153, 154, 155]
[291, 292, 293, 294, 295, 296, 297, 298, 299]
[27, 28, 29, 30, 31, 32, 33, 34]
[35, 36, 37, 38, 39, 69, 70, 71, 72, 73, 74, 75, 76, 78, 79, 80, 81, 82]
[22, 23, 24, 25, 26, 27, 28, 29, 52, 53, 54, 55, 56]
[]
[13, 14, 15, 16, 17, 22, 23, 24, 25, 26, 27]
[62, 63, 64, 65, 66]
[48, 49, 50, 51, 142, 143, 144, 145]
[48, 49, 50, 51, 52, 53]
[]
[4, 5, 6, 7]
[38, 39, 40, 41, 42, 43]
[0, 1, 2, 3, 4]
[29, 30, 31, 32, 33, 34, 36, 37, 38, 39, 40, 41]
[62, 63, 64, 65, 66, 67, 68, 69, 70, 71, 72, 73, 74, 75, 76, 77, 78, 79, 80]
[141, 142, 143, 144, 145, 146]
[58, 59, 60, 61, 62, 73, 74, 75, 76]
[58, 59, 60, 61, 62, 63, 64, 65]
[143, 144, 145, 146]
[94, 95, 96, 97, 98, 99]
[15, 16, 17, 18, 19, 20]
[15, 16, 17, 18, 19, 144, 145, 146, 147, 148, 149, 150, 151]
[9, 10, 11, 12]
[10, 11, 12]
[135, 136, 137, 138, 339, 340, 341, 342, 343, 344]
[51, 52, 53, 54, 55, 56, 57, 58, 59]
[20, 21, 22, 23, 24, 25, 26]
[]
[76, 77, 78, 79, 80, 81]
[171, 172, 173, 174, 175]
[26, 27, 28, 29, 30]
[]
[123, 124, 125, 126]
[8, 9, 10, 11, 12, 13, 14, 29, 30, 31, 32, 33, 163, 164, 165, 166, 167, 168, 169, 170]
[25, 26, 27, 28, 29, 30, 31, 43, 44, 45]
[52, 53, 54, 55, 56, 57, 58, 59]
[25, 26, 27, 28, 29, 30, 236, 237, 238, 239]
[]
[85, 86, 87, 88, 89, 90, 91, 92, 93, 94, 95, 96, 113, 114, 115, 116, 117, 118, 119, 120, 122, 123, 124]
[128, 129, 130, 131]
[]
[16, 17, 18, 19, 125, 126, 127, 128]
[9, 10, 11, 12, 13, 14, 15, 16, 17, 18, 19]
[0, 1, 2, 3, 20, 21, 22, 23, 24, 25, 26, 27, 28, 29, 30, 31]
[224, 225, 226, 227, 228, 229, 230]
[0, 1, 2, 3]
[7, 8, 9, 10, 11, 12, 13, 131, 132, 133, 134, 135, 136, 137, 206, 207, 208, 209, 210, 211]
[11, 12, 13, 14, 15, 16, 17, 18, 19, 20, 212, 213, 214, 215, 216, 217, 218, 219, 220, 221]
[82, 83, 84, 85, 86, 87, 88, 89, 90, 164, 165, 166, 167, 168]
[449, 450, 451, 452, 453]
[17, 18, 19, 20, 21]
[173, 174, 175, 176]
[34, 35, 36, 37, 38, 39]
[437, 438, 439, 440, 441, 442, 443, 444, 445, 446]
[92, 93, 94, 95, 98, 99, 100, 101, 104, 105, 106, 107]
[193, 194, 195, 196]
[73, 74, 75, 76, 77, 78]
[23, 24, 25, 26, 27]
[0, 1, 2, 3, 4]
[245, 246, 247, 248, 249, 250, 251]
[8, 9, 10, 11, 12]
[150, 151, 152, 153, 154, 155, 156]
[0, 1, 2, 3, 4, 5, 6, 12, 13, 14, 15, 16, 17, 18, 19]
[139, 140, 141, 142, 356, 357, 358, 359, 360, 361, 362, 363, 364]
[296, 297, 298, 299, 300, 301, 302, 303, 314, 315, 316, 317, 318, 319, 320, 321]
[34, 48, 49, 50, 51, 65, 66, 67, 68]
[399, 400, 401, 402, 403, 404]
[5, 6, 7, 8, 191, 192, 193, 194, 195, 196, 695, 696, 697, 698, 699]
[41, 42, 43, 44, 45, 46]
[198, 199, 200, 201, 202, 203, 204, 205, 206]
[35, 36, 37, 38, 39, 40, 41, 42, 43]
[11, 12, 13, 14, 15, 16, 18, 19, 20, 21]
[]
[8, 9, 10, 11, 12, 13]
[59, 60, 61, 62, 110, 111, 112, 113, 114, 115, 198, 199, 200, 201, 202, 203, 204, 205]
[]
[7, 8, 9, 10, 11]
[]
[84, 85, 86, 87]
[38, 39, 40, 41, 42]
[45, 46, 47, 48, 49]
[8, 9, 10, 11]
[69, 70, 71, 72, 73, 74]
[18, 19, 20, 21]
[32, 33, 34, 35, 37, 38, 39]
[153, 154, 155, 156, 157, 158, 174, 175, 176, 177, 178, 179, 180, 181, 182, 233, 234, 235, 236, 237]
[22, 23, 24, 25, 26, 27]
[84, 85, 86, 87]
[54, 55, 56, 57, 58, 127, 128, 129, 130, 131]
[362, 363, 364, 365, 366, 367, 368]
[19, 20, 21, 22, 23]
[0, 1, 2, 3, 4, 5]
[57, 58, 59, 60, 62, 63, 64]
[0, 1, 2, 3, 4, 5, 6, 7]
[134, 135, 136, 137, 138, 139]
[184, 185, 186, 187, 188]
[67, 68, 69, 70, 71, 72, 73, 77, 78, 79, 80]
[62, 63, 64, 65, 66, 67, 68, 69, 70, 322, 323, 324, 325, 326, 327, 328, 329, 330, 331]
[476, 477, 478, 479, 480, 481]
[12, 13, 14, 15, 16, 17, 18, 19, 177, 178, 179, 180, 181, 182, 183]
[0, 1, 2, 3, 4, 5, 6, 7, 8, 15, 16, 31, 32, 33, 34, 35]
[348, 349, 350, 351, 352, 353]
[]
[]
[0, 1, 2, 3, 4, 5, 6, 7, 8]
[40, 41, 42, 43, 44, 45, 46, 47, 48, 49, 50]
[]
[13, 14, 15, 16, 17, 18, 19, 20, 21, 22]
[850, 851, 852, 853, 854, 855, 856, 857, 868, 869, 870, 871, 872, 873, 874, 875, 876, 877]
[]
[34, 35, 36, 37, 38, 39]
[107, 108, 109, 110, 111]
[0, 1, 2, 3, 4, 111, 112, 113, 114, 140, 141, 142, 143, 144]
[142, 143, 144, 145, 146, 147, 148]
[21, 22, 23, 24, 25, 26, 27, 28, 29, 30, 31, 32]
[52, 53, 54, 55, 56, 57, 80, 81, 82, 83, 84, 85]
[29, 30, 31, 32, 33]
[84, 85, 86, 87, 88, 89]
[68, 69, 70, 71, 115, 116, 117, 118]
[]
[10, 11, 12, 13]
[8, 9, 10, 11, 12, 13]
[18, 19, 20, 21, 22, 23, 24]
[256, 257, 258, 259, 260, 261, 262, 263, 264, 265]
[15, 16, 17, 18, 19, 20]
[21, 22, 23, 24, 25, 26, 152, 153, 154, 155, 156, 157, 158, 159, 160]
[187, 188, 189, 190, 191, 192]
[13, 14, 15, 16, 17, 18, 19, 20, 21]
[]
[53, 54, 55, 56]
[242, 243, 244, 245, 246, 247, 248, 249, 250, 251]
[73, 74, 75, 76, 77, 78]
[33, 34, 35, 36, 37]
[41, 42, 43, 44, 45]
[4, 5, 6, 7, 8, 9]
[92, 93, 94, 95]
[20, 21, 22, 23]
[100, 101, 102, 103, 104, 105, 106, 107, 108]
[4, 5, 6, 7, 8, 146, 147, 148, 149, 150, 151, 152, 153, 154]
[]
[45, 46, 47, 48, 49, 50, 51, 52]
[50, 51, 52, 53, 54]
[41, 42, 43, 44, 45]
[95, 96, 97, 98, 99, 100, 101, 130, 131, 132, 133, 134, 135, 136, 137, 138, 150, 151, 152, 153, 154, 155, 156, 157, 158]
[10, 11, 12, 13, 14, 15, 16, 126, 127, 128, 129, 130, 131, 132]
[16, 17, 18, 19, 20]
[12, 13, 14, 15, 16, 17]
[9, 10, 11, 12, 25, 26, 27, 28, 29, 30]
[0, 1, 2, 3, 4, 5, 6, 7]
[83, 84, 85, 86, 131, 132, 133, 134, 135, 136, 137, 138, 139, 172, 173, 174, 175, 176]
[8, 9, 10, 11, 12, 13, 14, 15, 16, 17, 18]
[0, 1, 2, 3]
[538, 539, 540, 541]
[654, 655]
[235, 236, 237, 238, 239, 240]
[311, 312, 313, 314, 315, 316, 317]
[16, 17, 18]
[13, 14, 15, 16, 17, 18, 19, 20, 21, 22, 23, 24, 25, 26, 27, 28, 166, 167, 168, 169, 170]
[34, 35, 36, 37]
[]
[0, 1, 2, 3, 4, 5]
[25, 26, 27, 28, 29, 30]
[50, 51, 52, 53, 54, 55]
[335, 336, 337, 338, 339, 340]
[15, 16, 17, 18]
[]
[]
[]
[83, 84, 85, 86, 87, 88, 89]
[]
[172, 173, 174, 175, 176, 177, 178, 179]
[]
[57, 58, 59, 60, 61]
[39, 40, 41]
[51, 52, 53, 54, 55]
[17, 18, 19, 20, 21, 22]
[]
[7, 8, 9, 10, 11, 12]
[240, 241, 242, 243, 244, 245, 246]
[16, 17, 18]
[0, 1, 2, 3, 4, 5, 6]
[93, 94, 95, 96, 97, 98]
[33, 34, 35, 36, 37, 38, 39]
[91, 92, 93, 94, 95, 96, 217, 218, 219, 220, 221, 222, 223, 266, 267, 268, 269, 270, 271, 272, 273]
[380, 381, 382, 383, 384, 385, 386, 387, 388, 389]
[13, 14, 15, 16, 17, 18, 19, 20, 21, 22, 35, 36, 37, 38]
[0, 1, 2, 3, 4, 5, 6, 7, 8]
[]
[155, 156, 157, 158, 224, 225, 226, 227, 228, 229]
[4, 5, 6, 7, 8, 9, 10, 11, 12, 411, 412, 413, 414, 415, 416, 417, 568, 569, 570, 571]
[188, 189, 190, 191, 192, 193, 197, 198, 199, 200, 201, 205, 206, 207, 208, 209, 210, 211, 297, 298, 299, 300, 301, 302]
[178, 179, 180, 181]
[8, 9, 10, 11, 12, 13, 14]
[]
[64, 65, 66, 67]
[31, 32, 33, 34, 35, 36]
[71, 72, 73, 74, 75, 76, 77, 78, 79, 80, 81, 82, 83, 84, 85, 86, 87, 88, 89, 90, 91]
[14, 15, 16, 17, 18, 19, 20]
[19, 20, 21, 22, 23]
[66, 67, 68, 69, 70]
[16, 17, 18, 19, 20, 21, 60, 61, 62, 63, 64, 65]
[8, 9, 10, 11, 12, 13, 14, 15]
[348, 349, 350, 351, 352, 353, 354, 355, 356]
[125, 126, 127, 128, 129, 130]
[74, 75, 76, 150, 151, 152, 153, 154, 155, 156, 157, 158, 159]
[18, 19, 20, 21, 22, 23]
[281, 282, 283, 284, 285, 286, 287, 288, 289, 290, 291, 292, 293, 294, 295, 296, 297, 298, 299, 300, 536, 537, 538, 539, 540, 541, 542, 543, 544]
[29, 30, 31, 32, 33, 34, 35, 36, 37]
[60, 61, 62, 63, 284, 285, 286, 287]
[92, 93, 94, 95, 96, 97, 98, 99]
[68, 69, 70, 71, 72, 73]
[8, 9, 10, 11, 12]
[29, 30, 31, 32, 79, 80, 81, 82, 392, 393, 394, 395, 396, 397, 398, 399, 400]
[92, 93, 94, 95, 96, 97, 98, 303, 304, 305, 306, 307, 308, 309, 310]
[597, 598, 599, 600, 601, 602, 603, 604, 605, 783, 784, 785, 786]
[10, 11, 12, 13, 14]
[44, 45, 46, 47, 48]
[101, 102, 103, 215, 216, 217]
[74, 75, 76, 77]
[124, 125, 126, 127, 128, 129]
[25, 26, 27, 28, 29, 30]
[]
[7, 8, 9, 10, 11, 12]
[8, 9, 10, 11, 12]
[18, 19, 20, 21, 22, 23]
[21, 22, 23, 24, 25, 26, 27, 28, 29, 30, 31, 32]
[247, 248, 249, 250, 251, 252, 253, 254, 255]
[150, 151, 152, 153, 155, 156, 157, 158, 159, 512, 513, 514, 515, 516]
[42, 43, 44, 45, 46, 47, 48, 49]
[]
[]
[211, 212, 213, 214]
[28, 29, 30, 31, 32, 33, 34, 35, 36, 37, 38, 39, 40, 41]
[48, 49, 50, 51, 52, 53]
[]
[265, 266, 267, 268, 269]
[7, 8, 9, 10]
[41, 42, 43]
[19, 20, 21, 22, 23, 24]
[328, 329, 330, 718, 719, 720, 721, 722, 723, 724, 725]
[5, 6, 7, 8, 9, 228, 229, 230, 231, 232, 233, 234, 235, 236]
[51, 52, 53, 54, 55, 56, 57, 58, 59, 60]
[79, 80, 81, 82, 83, 84, 85, 86, 87]
[16, 17, 18, 19, 45, 46, 47, 48, 269, 270, 271, 272, 273, 335, 336, 337, 338, 339]
[69, 70, 71, 72, 73, 74, 75, 76, 77]
[44, 45, 46, 47, 48, 49, 50, 51, 52, 53, 266, 267, 268, 269, 270, 297, 298, 299, 300, 301, 302, 303]
[18, 19, 20, 21, 22]
[24, 25, 26, 27, 28, 29]
[32, 33, 34, 35, 36]
[27, 28, 29, 30, 31, 32]
[15, 16, 17, 18, 19]
[46, 47, 48, 49, 50, 51, 107, 108, 109, 110, 111, 112, 114, 115, 116, 117, 118]
[50, 51, 52, 53, 54, 104, 105, 106, 107, 108, 127, 128, 129, 130, 131, 135, 136, 137, 138, 139, 140]
[0, 1, 2, 3, 4, 5]
[]
[0, 1, 2, 3]
[186, 187, 188, 189, 190, 191, 529, 530, 531, 532, 533, 534, 535, 536]
[251, 252, 253, 254, 255, 256, 257, 258, 259, 382, 383, 384, 385, 386, 387, 388, 389, 390]
[31, 32, 33, 34, 35, 36, 37, 38, 39, 40, 41, 42, 43, 44, 47, 48, 49, 50, 51, 52, 53, 54, 55, 56, 57, 59, 60, 61, 62, 63, 64, 65, 66, 67, 68, 69, 70, 121, 122, 123, 124, 125, 126, 127, 128, 129, 130, 131]
[86, 87, 88, 89, 90, 177, 178, 179, 180, 181, 182, 183, 184]
[55, 56, 57, 58, 59]
[5, 6, 7, 8, 9, 10]
[90, 91, 92, 93, 94, 95, 96, 97, 98]
[46, 47, 48, 49, 50, 51, 52, 54, 55, 56, 57, 58]
[4, 5, 6, 7, 8]
[25, 26, 27, 28, 29, 30, 31]
[]
[94, 95, 96, 97, 98, 99]
[26, 27, 28, 29, 30, 31]
[75, 76, 77, 78]
[10, 11, 12, 13, 14, 95, 96, 97, 98]
[30, 31, 32, 33, 34, 35, 36, 37, 38]
[20, 21, 22, 23, 24, 25, 26, 27, 28]
[0, 1, 2, 3, 4, 5, 6, 99, 100, 101, 102]
[176, 177, 178, 179]
[14, 15, 16, 17, 18, 19]
[32, 33, 34, 35, 36, 37]
[21, 22, 23, 24, 25, 26, 27, 28, 29]
[62, 63, 64, 65, 66, 67]
[14, 15, 16, 17, 18, 19, 20]
[19, 20, 21, 22, 23, 24, 33, 34, 35, 36, 37, 38]
[68, 69, 70, 71, 72, 90, 91, 92, 93, 94, 95]
[108, 109, 110, 111, 112]
[8, 9, 10, 11, 12]
[75, 76, 77, 78, 79, 80]
[1, 2, 3, 4, 5, 6, 7, 12, 13, 14, 15, 16, 17, 18, 19, 519, 520, 521, 522, 523, 524, 525, 526, 836, 837, 838, 839, 840, 841, 842, 843, 844]
[12, 13, 14, 15, 16, 63, 64, 65, 66, 67, 68]
[41, 42, 43, 44, 45, 46]
[30, 31, 32, 33]
[0, 1, 2, 3, 4, 5, 6, 7]
[60, 61, 62, 63, 64, 65, 66, 335, 336, 337, 338, 339, 340, 341]
[134, 135, 136, 137, 138, 139]
[8, 9, 10, 11, 12, 13, 14, 15]
[127, 128, 129, 130, 131, 132, 133, 190, 191, 192]
[117, 118, 119, 120, 121, 122, 123, 124, 178, 179, 180, 181, 182, 183]
[22, 23, 24, 25]
[7, 8, 9, 10, 11]
[136, 137, 138, 139]
[105, 106, 107, 108, 109, 110]
[]
[5, 6, 7, 8, 9, 184, 185, 186, 187, 188, 189, 190, 230, 231, 232, 233, 234, 235, 236, 237]
[85, 86, 87, 88, 89, 90, 91, 92, 93]
[609, 610, 611, 612, 613, 614]
[12, 13, 14, 15, 16, 17, 71, 72, 73, 74, 75, 76]
[11, 12, 13, 14, 15, 16, 17, 18, 19, 20, 21, 22]
[]
[]
[]
[146, 147, 148, 149, 150, 151, 152, 153]
[21, 22, 23, 24, 25, 26]
[48, 49, 50, 51, 52, 53, 54, 55, 133, 134, 135, 136, 137, 138]
[27, 28, 29, 30, 31, 80, 81, 82, 83, 84]
[18, 19, 20, 21, 22]
[15, 16, 17, 18, 19, 20, 21, 23, 24, 25, 26, 27]
[47, 48, 49, 50, 51, 52, 58, 59, 60, 61, 62, 63]
[22, 23, 24]
[86, 87, 88, 89, 90, 91]
[40, 41, 42, 43, 44, 45, 46, 47, 48, 73, 74, 75, 76, 77, 78]
[65, 66, 67, 68, 69, 70, 71, 72, 73]
[53, 54, 55, 56, 57, 58]
[15, 16, 17, 18, 19, 20]
[89, 90, 91, 92, 93, 94, 95, 96, 97, 98]
[]
[11, 12, 13, 14, 15, 16, 17, 18, 19, 20, 21, 22, 23, 24, 25, 26, 27, 28, 29, 30, 46, 47, 48, 49]
[43, 44, 45, 46, 47, 48, 49, 51, 52, 53, 54, 55, 181, 182, 183, 184, 208, 209, 210, 211, 212, 213]
[8, 9, 10, 11, 12, 13]
[138, 139, 140, 141, 142]
[23, 24, 25, 26, 27, 28, 29, 30, 31, 130, 131, 132, 133, 134, 136, 137, 138]
[5, 6, 7, 8, 9, 10, 11, 12, 13, 14]
[22, 23, 24]
[12, 13, 14, 15, 16, 17]
[0, 1, 2, 3, 4, 5, 79, 80, 81, 82, 83, 84]
[127, 128, 129, 130]
[10, 11, 12, 13, 14, 15]
[17, 18, 19, 20, 21]
[0, 1, 2, 3]
[374, 375, 376, 377, 378, 557, 558, 559, 560]
[19, 20, 21, 116, 117, 118, 352, 353, 354]
[144, 145, 146, 147, 148, 307, 308, 309, 310, 311, 312, 313]
[]
[189, 190, 191, 192, 253, 254, 255, 256, 257, 258, 282, 283, 284, 285]
[13, 14, 15, 16, 17]
[157, 158, 159, 160, 161, 162]
[27, 28, 29, 30, 31, 32]
[]
[26, 27, 28, 29, 30, 31]
[117, 118, 119, 120]
[3, 4, 5, 6, 15, 16, 17, 18, 19, 20, 21, 22, 181, 182, 183, 184, 185, 186]
[]
[19, 20, 21, 22, 23, 24]
[35, 36, 37, 38]
[26, 27, 28, 29, 30, 31]
[452, 453, 454, 455, 456, 485, 486, 487, 488, 489]
[84, 85, 86, 87, 88, 89]
[47, 48, 49, 50, 51, 52]
[21, 22, 23, 24, 25, 26, 27]
[59, 60, 61, 62, 63]
[]
[199, 200, 201, 202, 203, 204, 205, 206, 207]
[10, 11, 12, 13, 14, 15, 16, 17, 18, 19]
[51, 52, 53, 54, 55]
[0, 1, 2, 3, 4, 5]
[10, 11, 12, 13, 14, 15, 16, 40, 41, 42, 43, 44, 45, 46, 47, 48]
[]
[275, 276, 277, 278, 279, 280, 281, 282, 283]
[9, 10, 11, 12, 13, 14]
[]
[103, 104, 105, 106]
[31, 32, 33, 34]
[40, 41, 42, 43, 44, 115, 116, 117, 118, 119, 140, 141, 142, 143, 144, 145]
[]
[264, 265, 266, 267, 268]
[]
[35, 36, 37, 38]
[11, 12, 13, 14, 15, 16, 17, 18, 20, 21, 22, 23, 46, 47, 48, 49, 50, 51, 52, 200, 201, 202, 203, 204, 205, 206, 207, 208]
[62, 63, 64, 65, 66]
[92, 93, 94, 95, 96]
[103, 104, 105, 106, 107, 108, 109, 110, 111, 121, 122, 123, 124, 125, 126, 127]
[]
[55, 56, 57, 58, 59, 60]
[0, 1, 2, 3, 35, 36, 37, 38, 39, 40, 41]
[14, 15, 16, 17, 18, 19, 20, 21]
[49, 50, 51, 52, 53, 54, 55]
[]
[]
[]
[]
[149, 150, 151, 152]
[8, 9, 10, 11, 12, 13, 14, 16, 17, 18, 19, 20, 21, 22, 23, 24, 25]
[419, 420, 421, 422, 423, 540, 541, 542, 543, 544]
[0, 1, 2, 3, 4, 5, 6, 7, 9, 10, 11, 12, 13, 14]
[217, 218, 219, 220, 221, 222, 223]
[11, 12, 13, 14, 15, 16, 17, 18, 19, 20]
[65, 66, 67]
[258, 259, 260, 261, 262]
[78, 79, 80, 81, 210, 211, 212, 213, 242, 243, 244, 245, 246, 247, 248, 249, 250]
[88, 89, 90, 91]
[0, 1, 2, 3, 4, 5]
[341, 342, 343, 344]
[198, 199, 200, 201, 202, 203, 204]
[71, 72, 73]
[20, 21, 22, 23]
[7, 8, 9, 10, 11, 12, 13, 14, 15, 16]
[43, 44, 45, 46]
[34, 35, 36, 37]
[101, 102, 103, 104, 105, 106, 107, 108, 109, 110, 111, 112]
[175, 176, 177, 178]
[59, 60, 61, 62, 63, 64]
[]
[31, 32, 33, 34, 35, 115, 116, 117, 118, 119]
[137, 138, 139, 140, 141, 142, 143, 144, 145, 146, 147, 148, 149, 150, 151, 152, 153, 154]
[132, 133, 134, 135, 136, 137, 138, 139, 140, 141]
[]
[30, 31, 32, 33]
[309, 310, 311, 312, 313, 314, 398, 399, 400, 401, 402]
[23, 24, 25, 26]
[68, 69, 70, 71, 114, 115, 116, 117]
[119, 120, 121, 122, 123]
[0, 1, 2]
[362, 363, 364, 365, 366, 369, 370, 371, 372, 373, 374, 376, 377, 378, 379, 380]
[151, 152, 153, 154, 212, 213, 214, 215, 216, 217, 218, 219, 220, 221, 222, 223, 241, 242, 243, 244, 245, 246, 247, 248]
[93, 94, 95, 96, 97, 253, 254, 255, 256, 257, 258, 285, 286, 287, 288, 290, 291, 292, 293]
[7, 8, 9, 10, 11, 12, 13, 69, 70, 71, 72, 73, 74, 90, 91, 92, 93, 94, 95, 162, 163, 164, 165, 166, 167, 168, 169, 170, 171]
[20, 21, 22, 23, 24, 32, 33, 34, 35, 131, 132, 133, 134, 135, 138, 139, 140, 141]
[12, 13, 14, 15, 16]
[682, 683, 684, 685, 686, 687]
[3, 4, 5, 6, 7, 8]
[168, 169, 170, 171, 172, 173]
[45, 46, 47, 48, 49, 50, 246, 247, 248, 249, 250, 251]
[483, 484, 485, 486, 502, 503, 504, 505, 609, 610, 611, 612, 641, 642, 643, 644, 645]
[254, 255, 256, 257, 258, 259, 342, 343, 344, 345, 346, 347, 348, 349, 350, 351, 352, 353]
[]
[239, 240, 241, 242, 243, 244, 292, 293, 294, 295, 296, 297, 298]
[145, 146, 147, 148, 207, 208, 209, 210]
[145, 146, 147, 148]
[]
[479, 480, 481, 482, 489, 490, 491, 492, 493, 494, 495, 496]
[28, 29, 30, 31, 32]
[95, 96, 97, 98, 99, 100, 101, 102, 103]
[12, 13, 14, 15, 16]
[180, 181, 182, 183, 184]
[19, 20, 21, 22, 23]
[9, 10, 11, 12]
[20, 21, 22, 23, 24, 25, 26, 27, 162, 163, 164, 165, 166, 167]
[15, 16, 17, 18, 66, 67, 68, 69, 70]
[10, 11, 12, 13, 14, 15]
[138, 139, 140, 141, 142]
[14, 15, 16, 17, 18]
[]
[0, 1, 2, 3, 4, 5, 6, 7, 8, 9, 10, 11, 12, 13, 14, 15, 22, 23, 24]
[58, 59, 60, 61, 62, 63, 255, 256, 257, 258, 259, 408, 409, 410, 411, 412, 413, 430, 431, 432, 433, 434]
[312, 313, 314, 315, 316, 317]
[156, 157, 158, 159, 160, 161, 162, 163, 164, 230, 231, 232, 233, 234, 300, 301, 302, 303, 304, 305]
[17, 18, 19, 20, 21, 22, 259, 260, 261, 262, 263, 264, 265, 266]
[38, 39, 40, 41, 42, 43]
[34, 35, 36]
[20, 21, 22, 23, 24, 25]
[]
[49, 50, 51, 52, 53, 54]
[]
[25, 26, 27, 28, 29, 30, 302, 303, 304, 305, 306, 307, 308, 309]
[236, 237, 238, 239, 240, 419, 420, 421, 422, 423, 424, 425, 451, 452, 453, 454, 455]
[138, 139, 140, 141, 142]
[208, 209, 210, 211, 212, 213]
[170, 171, 172, 173, 174, 175]
[12, 13, 14, 15, 16, 17, 18, 19, 20, 21, 22, 23]
[47, 48, 49, 50, 51, 52, 125, 126, 127, 128, 129]
[18, 19, 20, 21, 22, 23, 24, 25]
[87, 88, 89, 90, 91, 92]
[]
[19, 20, 21, 22, 23, 24, 25, 26]
[44, 45, 46, 47, 48, 96, 97, 98, 99, 100]
[141, 142, 143, 144, 145]
[20, 21, 22, 23, 24, 25, 40, 41, 42, 43, 44, 45, 46, 47, 48, 49, 50]
[]
[39, 40, 41, 42, 43, 44, 68, 69, 70, 71, 72, 73]
[24, 25, 26, 27, 28, 29, 30]
[71, 72, 73, 74, 75, 76]
[13, 14, 15, 16, 17, 18, 19, 20]
[379, 380, 381, 382, 383, 384]
[277, 278, 279, 280, 281, 282]
[6, 7, 8, 9, 10, 11, 12, 23, 24, 25, 26, 27, 28, 29, 441, 442, 443, 444, 445, 446, 447, 448]
[722, 723, 724, 725, 726, 727, 729, 730, 731, 732, 733, 734, 736, 737, 738, 739, 740, 741, 743, 744, 745, 746, 747, 748, 760, 761, 762, 763, 764, 765, 766, 767, 768]
[65, 66, 67, 68]
[8, 9, 10, 11, 12]
[]
[]
[6, 7, 8, 9, 10, 67, 68, 69, 70, 71, 72, 73, 74, 75]
[538, 539, 540, 541, 542, 543, 544, 546, 547, 548, 549, 550, 551, 552]
[46, 47, 48, 49]
[39, 40, 41, 42, 43, 44, 45]
[227, 228, 229, 230, 231, 232]
[64, 65, 66, 67, 68, 69, 70, 71, 73, 74, 75, 76, 77, 78, 79, 80, 81]
[57, 58, 59, 60, 61, 62, 63, 64, 66, 67, 68, 69, 70]
[10, 11, 12, 13, 36, 37, 38, 39]
[13, 14, 15, 16, 17]
[211, 212, 213, 214, 215, 216, 217, 218, 219, 220, 221, 749, 750, 751, 752, 753, 754]
[]
[4, 5, 6, 7, 8, 9]
[12, 13, 14, 15, 16, 17, 18]
[102, 103, 104, 105, 106, 107, 109, 110, 111, 112]
[]
[224, 225, 226, 227, 228, 229, 230, 231, 232]
[15, 16, 17, 18, 19, 20, 21, 103, 104, 105, 106, 107, 108, 109]
[90, 91, 92, 93, 94, 95, 96]
[10, 11, 12, 13, 14]
[85, 86, 87, 88, 89, 90, 122, 123, 124, 125, 126, 127]
[33, 34, 35, 36, 37, 38, 39]
[0, 1, 2, 3, 4, 5, 6, 7, 9, 10, 11, 12, 13, 14, 15, 33, 34, 35, 36, 37, 38, 39, 96, 97, 98, 99, 100, 101, 102, 103, 166, 167, 168, 169, 170, 171]
[283, 284, 285, 286, 287, 288, 289]
[47, 48, 49, 50, 124, 125, 126, 127, 128, 129, 130]
[10, 11, 12, 13, 14]
[62, 63, 64, 65, 75, 76, 77, 78, 79, 80]
[4, 5, 6, 7, 8, 9]
[]
[389, 390, 391, 392, 393, 394, 395, 396, 397]
[5, 6, 7, 38, 39, 40, 41, 42, 43]
[125, 126, 127, 128]
[148, 149, 150, 151]
[18, 19, 20, 21, 22, 23, 186, 187, 188, 189, 190]
[33, 34, 35, 36, 37, 74, 75, 76, 77, 78, 79, 80, 81, 82]
[]
[5, 6, 7, 8, 9, 10]
[58, 59, 60, 61, 62, 63]
[25, 26, 27, 28, 29, 42, 43, 44, 45, 46, 135, 136, 137, 138, 139]
[]
[159, 160, 161, 162]
[58, 59, 60, 61]
[]
[0, 1, 2, 3, 4, 25, 26, 27, 28, 29, 30, 31, 32]
[391, 392, 393, 394, 395, 396, 397, 398]
[18, 19, 20, 21, 22, 23, 24, 25]
[40, 41, 42, 43, 44, 64, 65, 66, 67]
[5, 6, 7, 8, 9, 10, 120, 121, 122, 123, 124, 125, 251, 252, 253, 254, 255, 256, 286, 287, 288, 289, 290, 291, 292, 293, 350, 351, 352, 353, 354, 355]
[38, 39, 40, 41, 42, 43, 44, 45]
[45, 46, 47, 48, 49, 50]
[]
[123, 124, 125, 126, 127, 396, 397, 398, 399, 400]
[144, 145, 146, 147, 148, 226, 227, 228, 229, 230, 231, 232, 233, 234, 299, 300, 301, 302, 303]
[710, 711, 712, 713, 714, 715, 716, 717, 718]
[0, 1, 2, 3, 4, 5, 49, 50, 51, 52, 53]
[0, 1, 2, 3]
[81, 82, 83, 84, 85, 86, 572, 573, 574, 575, 576, 577]
[10, 11, 12, 13, 14, 15, 16, 17]
[22, 23, 24, 25, 26, 27]
[36, 37, 38, 39, 40, 57, 58, 59, 60, 61, 62]
[80, 81, 82, 83, 84, 85]
[266, 267, 268, 391, 392, 393, 394]
[59, 60, 61, 62, 63, 64, 66, 67, 68, 69, 70]
[16, 17, 18, 19, 21, 22, 23, 177, 178, 179, 180, 182, 183, 184, 327, 328, 329, 330]
[128, 129, 130, 131, 132]
[6, 7, 8, 9]
[262, 263, 264, 265, 271, 272, 273, 274, 289, 290, 291, 292]
[113, 114, 115, 116, 117]
[0, 1, 2, 3, 4, 5]
[8, 9, 10, 11, 12, 13, 14, 15, 18, 19, 20, 21, 22, 23, 24, 25, 26, 27, 28, 30, 31, 32]
[68, 69, 70, 71, 228, 229, 230, 231, 232]
[29, 30, 31, 287, 288, 289, 290, 291, 292, 318, 319, 320, 329, 330, 331, 332, 333, 334]
[]
[15, 16, 17, 18, 19, 38, 39, 40, 41, 103, 104, 105, 106, 107, 108]
[48, 49, 50, 51]
[5, 6, 7]
[]
[0, 1, 2, 3, 290, 291, 292, 293, 294, 295]
[78, 79, 80, 81, 82]
[13, 14, 15, 16, 17, 18, 19, 20, 21, 54, 55, 56, 57, 58, 59, 60]
[917, 918, 919, 920, 921, 922, 978, 979, 980, 981, 982, 983, 984]
[7, 8, 9, 10, 11, 12, 13, 14, 15, 155, 156, 157, 158, 159, 160, 161, 162, 164, 165, 166, 167, 168]
[25, 26, 27, 28, 29, 30, 31, 32, 34, 35, 36, 37, 38, 106, 107, 108, 109, 110, 111, 112, 113, 114, 115, 116, 117, 128, 129, 130, 131, 132]
[265, 266, 267, 268, 269, 270, 271, 328, 329, 330, 331]
[270, 271, 272, 273, 274, 275]
[2, 3, 4, 5, 31, 32, 33, 34, 35, 36, 37]
[32, 33, 34, 35, 36, 37]
[15, 16, 17, 18, 19]
[104, 105, 106, 107, 108]
[36, 37, 38, 39, 117, 118, 119, 120, 121, 122, 123, 124, 125]
[]
[]
[66, 67, 68, 69, 70, 479, 480, 481, 482, 483, 484, 486, 487, 488, 489, 490, 491]
[3, 4, 5, 6, 14, 15]
[17, 18, 19, 340, 341, 342, 343, 344, 345, 346, 347, 457, 458, 459, 460, 461, 462, 463, 492, 493, 494, 495, 496, 497, 498, 499, 991, 992, 993, 994]
[7, 8, 9, 10, 11]
[5, 6, 7, 8, 9]
[22, 23, 24, 25]
[77, 78, 79, 80]
[32, 33, 34, 35, 36]
[]
[]
[37, 38, 39, 40, 41]
[220, 221, 222, 223, 224, 225, 226]
[211, 212, 213, 214]
[30, 31, 32, 33, 34]
[102, 103, 104, 105, 106, 107]
[144, 145, 146, 147, 148, 149]
[7, 8, 9, 10, 11, 120, 121, 122]
[45, 46, 47, 48, 49, 50, 91, 92, 93, 94, 141, 142, 143, 144, 145]
[50, 51, 52, 53, 54, 55, 96, 97, 98, 99]
[56, 57, 58, 59, 60, 61]
[]
[49, 50, 51, 52, 53, 54, 55, 56, 65, 66, 67, 68, 69]
[52, 53, 54, 55, 56, 57, 58, 72, 73, 74, 75, 76, 77, 78]
[21, 22, 23, 24, 130, 131, 132, 133, 134, 135, 136, 137, 138, 139, 140, 141]
[]
[]
[0, 1, 2, 3, 4, 5, 6, 8, 9, 10, 11]
[51, 52, 53, 54]
[11, 12, 13, 14, 15, 16, 17, 18]
[]
[]
[23, 24, 25, 26, 27]
[14, 15, 16, 17, 18, 19, 40, 41, 42, 43, 44, 45]
[48, 49, 50, 51, 52, 53, 54, 55]
[311, 312, 313, 314, 496, 497, 498, 499]
[]
[75, 76, 77, 78, 79, 80, 81, 100, 101, 102, 103, 104, 105, 106, 107]
[9, 10, 11, 12]
[100, 101, 102, 103, 104, 105, 106, 295, 296, 297, 298, 299, 300, 301, 303, 304, 305]
[21, 22, 23, 24, 25]
[]
[104, 105, 106, 107, 108, 109]
[125, 126, 127, 128, 129, 130, 131, 132, 134, 135, 136, 137, 138, 139, 140, 166, 167, 168, 169, 170, 171, 172, 173, 174, 175, 335, 336, 337, 338, 339, 340, 341, 342]
[]
[115, 116, 117, 118, 119, 224, 225, 226, 227, 228]
[22, 23, 24, 25, 26, 27, 28, 29]
[47, 48, 49, 50, 117, 118, 119, 120, 121, 122]
[97, 98, 99, 100, 101, 102]
[46, 47, 48, 49]
[300, 301, 302, 303, 304, 305]
[197, 198, 199, 200, 201, 202, 205, 206, 207, 208, 209, 210, 211, 212, 215, 216, 217, 218, 219, 220, 221, 222, 225, 226, 227, 228, 229, 230]
[12, 13, 14, 15, 16, 17]
[0, 1, 2, 204, 205, 206]
[0, 1, 2, 3, 4, 269, 270, 271, 272, 273, 274, 351, 352, 353, 354, 355, 356]
[]
[76, 77, 78, 79, 80, 81]
[0, 1, 2, 3, 4, 5]
[]
[25, 26, 27, 28, 29, 30, 84, 85, 86, 87, 88]
[0, 1, 2, 3, 4, 5, 6, 7]
[10, 11, 12, 13, 14, 15]
[91, 92, 93, 94, 95, 96]
[217, 218, 219, 220, 221, 222, 223, 224, 225]
[]
[147, 148, 149, 150, 181, 182, 183, 184, 185, 186, 187, 188, 189, 190, 191, 230, 231, 232, 233, 234, 235]
[]
[19, 20, 21, 22, 23, 24, 25, 35, 36, 37, 38, 39, 40, 41]
[27, 28, 29, 30, 31]
[]
[10, 11, 12, 13, 14, 15]
[10, 11, 12, 13, 14, 15]
[42, 43, 44, 45, 46]
[99, 100, 101, 102, 103, 104, 105, 106, 107, 108]
[288, 289, 290, 291, 292, 293, 460, 461, 462, 463, 464, 465, 479, 480, 481, 482, 483, 484]
[186, 187, 188, 189, 190, 212, 213, 214, 215]
[4, 5, 6, 7, 8, 9, 10]
[58, 59, 60, 61, 62, 63, 64, 65, 253, 254, 255, 256, 257, 258, 259]
[23, 24, 25, 26, 27, 28, 40, 41, 42, 43, 44, 45, 46, 47]
[2, 3, 4, 5, 6, 7, 31, 32, 33, 34]
[39, 40, 41, 42, 43, 44, 45, 46, 47]
[202, 203, 204]
[52, 53, 54, 55, 56, 57]
[76, 77, 78, 79, 80, 81, 82, 101, 102, 103, 104, 105, 106, 107]
[92, 93, 94, 95, 96]
[16, 17, 18, 19, 20, 21, 22, 23, 24]
[132, 133, 134, 135, 136, 137, 138, 139, 140, 373, 374, 375, 376, 377, 378]
[173, 174, 175, 176, 177]
[12, 13, 14, 15, 16, 17, 80, 81, 82, 83, 84]
[58, 59, 60, 61, 107, 108, 109, 110, 111, 112, 113]
[59, 60, 61, 62, 63, 64, 65, 66, 291, 292, 293, 294, 295, 296, 297, 298, 405, 406, 407, 408, 409, 410, 411, 412, 861, 862, 863, 864, 865, 866, 920, 921, 922, 923]
[110, 111, 112, 113]
[109, 110, 111, 112, 113, 114, 115, 116, 117, 118, 189, 190, 191, 192]
[49, 50, 51, 52, 53, 54]
[35, 36, 37, 38, 39, 40]
[345, 346, 347, 348, 349, 350]
[]
[48, 49, 50, 51, 52]
[5, 6, 7, 8, 9, 150, 151, 152, 153, 154]
[72, 73, 74, 75, 76, 77]
[192, 193, 194, 195, 279, 280, 281, 383, 384, 385, 386]
[27, 28, 29, 30, 31, 32, 33, 34, 35]
[17, 18, 19, 20, 21]
[7, 8, 9, 10, 11, 12, 13, 15, 16, 17, 18, 19]
[67, 68, 69, 70, 90, 91, 92, 93, 102, 103, 104, 105, 106, 107]
[143, 144, 145, 146, 147, 148, 149, 150]
[45, 46, 47, 48]
[296, 297, 298, 299, 300]
[14, 15, 16, 17, 18]
[]
[104, 105, 106, 107, 108, 109]
[4, 5, 6, 7, 8, 9]
[]
[12, 13, 14, 15, 16, 17, 23, 24, 25, 26, 27, 28, 29, 30]
[]
[140, 141, 142, 143, 144, 145, 146, 147, 148]
[18, 19, 20, 21, 22]
[0, 1, 2, 3, 4]
[15, 16, 17, 18, 19, 20]
[5, 6, 7, 8, 9, 10, 11]
[53, 54, 55, 56]
[117, 118, 119, 120, 121, 122, 123, 124]
[241, 242, 243, 244, 245, 246]
[180, 181, 182, 183, 184]
[55, 56, 57, 58, 59, 60, 61]
[]
[57, 58, 59, 60, 61, 62]
[35, 36, 37, 38]
[107, 108, 109, 110]
[64, 65, 66, 67, 68, 69, 70, 71, 72, 93, 94, 95, 96, 97, 98, 99, 100]
[]
[114, 115, 116, 117, 123, 124, 125, 126, 127, 128]
[]
[]
[7, 8, 9, 10, 11, 12, 13, 14, 15]
[97, 98, 99, 100, 101, 102, 103]
[27, 28, 29, 30, 31, 32, 170, 171, 172, 173, 174, 175, 176, 177]
[82, 83, 84, 85, 176, 177, 178, 179, 180, 181, 338, 339, 340, 341, 342, 343, 349, 350, 351, 352, 353, 354, 355, 356]
[84, 85, 86, 87, 88, 89, 123, 124, 125, 126, 127, 128]
[219, 220]
[]
[141, 142, 143, 144, 145, 146, 147, 148, 149, 150, 160, 161, 162, 163]
[130, 131, 132, 133, 134, 135]
[0, 1, 2, 3]
[]
[97, 98, 99, 100, 101]
[87, 88, 89, 90, 91, 92]
[0, 1, 2, 3, 4, 5, 6, 7, 56, 57, 58, 59, 60, 61]
[117, 118, 119, 120, 121, 122]
[60, 61, 62, 63, 64]
[509, 510, 511, 512, 513, 514, 515]
[11, 12, 13, 14]
[77, 78, 79, 80, 135, 136, 137, 138]
[152, 153, 154, 155, 156]
[26, 27, 28, 29, 30, 31, 32, 33, 34, 35]
[593, 594, 595, 596]
[]
[11, 12, 13, 14, 15, 16, 17, 18, 19, 20, 21, 22, 23, 24, 229, 230, 231, 232, 233, 234, 235]
[18, 19, 20, 21, 22, 23, 24, 25, 249, 250, 251, 252]
[82, 83, 84, 85, 86, 151, 152, 153]
[60, 61, 62, 63, 64, 65, 66, 67]
[115, 116, 117, 118, 136, 137, 138, 139, 140, 141, 142, 143]
[85, 86, 87, 88, 89, 90, 91, 92, 93]
[55, 56, 57, 58, 72, 73, 74, 75]
[100, 101, 102, 103, 104, 213, 214, 215, 216, 217, 296, 297, 298, 299, 300, 301, 302, 303, 305, 306, 307, 308, 309]
[20, 21, 22, 23, 24, 25, 26]
[43, 44, 45, 46, 47, 48]
[214, 215, 216, 217]
[113, 114, 115, 116]
[47, 48, 49, 50]
[80, 81, 82, 83, 84, 85, 88, 89, 90, 91, 92]
[]
[]
[]
[31, 32, 33, 34, 35, 36, 37, 38]
[112, 113, 114, 115, 116]
[145, 146, 147, 148, 149, 150]
[34, 35, 36, 37, 38]
[31, 32, 33, 34, 35, 36, 419, 420, 421, 422, 423, 424, 425, 426]
[0, 1, 2, 3, 4, 5, 6, 7, 8]
[25, 26, 27, 28, 29, 30]
[148, 149, 150]
[46, 47, 48]
[10, 11, 12, 13]
[18, 19, 20, 21, 22]
[5, 6, 7, 8, 9, 10, 11]
[30, 31, 32, 33, 34]
[]
[240, 241, 242, 243, 244, 245]
[0, 1, 2, 3]
[11, 12, 13, 14, 15, 16]
[32, 33, 34, 35, 41, 42, 43, 44, 45, 46, 47, 48, 49, 50, 51]
[25, 26, 27, 28, 29, 30, 31, 236, 237, 238, 239, 240, 241]
[29, 30, 31, 32, 33, 34, 35, 36]
[21, 22, 23, 24, 25, 26, 53, 54, 55, 56, 57, 58, 59]
[10, 11, 12, 13, 133, 134, 135, 136, 177, 178, 179, 180, 181]
[125, 126, 127, 128, 154, 155, 156, 157]
[76, 77, 78, 79, 80, 81, 82]
[19, 20, 21, 22, 23]
[206, 207, 208, 209]
[9, 10, 11, 12]
[56, 57, 58, 59]
[0, 1, 2, 3, 4, 5, 6, 7]
[0, 1, 2, 3, 4]
[39, 40, 41, 42]
[211, 212, 213, 214, 215, 216, 217, 218, 219]
[310, 311, 312, 313, 314]
[77, 78, 79, 80, 81, 82]
[66, 67, 68, 69, 70, 71]
[258, 259, 260, 261, 262, 560, 561, 562, 563, 564]
[129, 130, 131, 132, 133]
[]
[81, 82, 83, 84, 85, 86]
[165, 166, 167, 168, 169]
[134, 135, 136, 137, 138, 139]
[98, 99, 100, 101, 102, 103, 104, 105, 106]
[49, 50, 51, 52, 53, 54]
[53, 54, 55, 56, 57]
[7, 8, 9, 10, 11]
[79, 80, 81, 82, 83, 84]
[70, 71, 72, 73]
[35, 36, 37, 38, 39, 40]
[24, 25, 26, 27, 28, 29, 30, 31, 32]
[124, 125, 126, 127, 128, 186, 187, 188, 189, 190]
[18, 19, 20, 21, 22]
[57, 58, 59, 60]
[8, 9, 10, 11, 12, 13, 88, 89, 90, 91, 92, 93, 94, 95, 96, 97, 98]
[28, 29, 30, 31, 32, 34, 35, 36]
[]
[]
[138, 139, 140, 141]
[]
[]
[297, 298, 299, 300]
[28, 29, 30, 31]
[42, 43, 44, 45, 46, 47, 48]
[207, 208, 209, 210, 211, 212, 213, 214, 215, 216]
[16, 17, 18, 19]
[16, 17, 18, 19]
[27, 28, 29, 30, 31, 32]
[]
[0, 1, 2, 3, 4, 105, 106, 107, 108, 109, 110]
[79, 80, 81, 82, 83, 84, 85]
[28, 29, 30, 31, 32, 33, 34, 35]
[0, 1, 2, 3, 4, 5]
[43, 44, 45, 46, 47, 48, 49, 56, 57, 58, 59, 60, 62, 63, 64, 65, 66, 67, 68, 69, 71, 72, 73, 74, 75, 76, 77, 78]
[249, 250, 251, 252, 253, 254, 277, 278, 279, 280, 281, 282, 283, 284, 285]
[367, 368, 369, 370, 371, 372]
[8, 9, 10, 11, 12]
[48, 49, 50, 51, 52, 53]
[13, 14, 15, 16, 17, 18, 19, 20, 21, 22, 23, 24, 25, 26, 40, 41, 42, 43, 52, 53, 54, 55]
[115, 116, 117, 118, 119, 120]
[22, 23, 24, 25, 26, 27]
[40, 41, 42, 43, 44, 45, 46]
[5, 6, 7, 8, 9, 10, 11, 12, 13]
[8, 9, 10, 11, 12, 132, 133, 134, 135]
[131, 132, 133, 134, 135, 212, 213, 214, 215, 216, 217]
[137, 138, 139, 140, 141]
[]
[33, 34, 35, 36, 37, 38, 41, 42, 43, 44, 54, 55, 56, 57, 67, 68, 69, 70, 80, 81, 82, 83, 168, 169, 170, 171]
[]
[]
[]
[362, 363, 364, 365, 366, 367, 375, 376, 377, 378, 379, 380]
[111, 112, 113, 114, 115, 116, 117, 118]
[4, 5, 6, 7, 8]
[]
[134, 135, 136, 137, 236, 237, 238, 239, 240, 241, 729, 730, 731, 732, 733, 734, 784, 785, 786, 787, 788, 789, 790, 791, 792, 793, 794, 795, 797, 798, 799, 800, 801, 802, 803, 804, 805]
[13, 14, 15, 16, 17, 18]
[48, 49, 50, 51, 52, 53]
[48, 49, 50, 51, 52, 53]
[6, 7, 8, 9, 10, 11, 29, 30, 31, 32, 33, 34]
[35, 36, 37, 38, 39]
[9, 10, 11, 12]
[12, 13, 14, 15, 16, 17, 18, 19, 20, 21, 22, 54, 55, 56, 57, 58, 59, 60, 150, 151, 152, 153, 154, 155, 156, 157]
[17, 18, 19, 20, 21, 22, 23]
[53, 54, 55, 56]
[536, 537, 538, 539, 540, 541]
[]
[81, 82, 83, 84, 85, 86]
[0, 1, 2, 3, 4, 5, 6, 19, 20, 21, 22, 23]
[131, 132, 133, 134, 135, 136, 137, 138, 139]
[12, 13, 14, 15, 17, 18, 19, 20]
[0, 1, 2, 3, 4, 5]
[]
[216, 217, 218, 219, 220, 221, 222, 223, 224]
[46, 47, 48, 49, 50, 263, 264, 265, 266, 267, 268, 269, 270, 271, 272, 435, 436, 437, 438, 439]
[10, 11, 12, 13]
[]
[54, 55, 56, 57]
[8, 9, 10, 11, 12, 13, 14, 15, 17, 18, 19, 20, 21, 161, 162, 163, 164, 165, 214, 215, 216, 217, 218, 219, 220, 221, 222]
[11, 12, 13, 14, 15, 16, 17, 18]
[]
[15, 16, 17, 18, 19]
[]
[28, 29, 30, 31, 32]
[0, 1, 2, 3, 4]
[]
[12, 13, 14, 15, 16, 17, 18, 19, 20]
[47, 48, 49, 50, 51, 52, 102, 103, 104, 105, 106, 107]
[4, 5, 6, 7, 8, 9, 10, 11, 58, 59, 60, 61, 62, 63]
[42, 43, 44, 45, 46]
[131, 132, 133, 134, 135, 136, 137, 138, 139]
[10, 11, 12, 13, 14, 15]
[6, 7, 8, 9, 10, 11, 176, 177, 178, 179, 180, 181, 562, 563, 564, 565]
[4, 5, 6, 7]
[45, 46, 47, 48, 49, 50]
[18, 19, 20, 21, 22, 23, 24, 25]
[78, 79, 80, 81, 82, 83]
[0, 1, 2, 3, 4, 5, 6, 7, 8, 226, 227, 228, 229, 230, 231]
[48, 49, 50, 51, 52, 53, 54, 55, 56, 57, 58]
[18, 19, 20, 21, 22, 23, 24, 25, 140, 141, 142, 143, 144, 200, 201, 202, 203, 204]
[16, 17, 18, 19, 20, 21, 22, 23]
[86, 87, 88, 89, 132, 133, 134, 135, 136, 137]
[114, 115, 116, 117, 153, 154, 155, 156, 157, 158, 159, 160, 161]
[83, 84, 85, 86, 87, 88, 95, 96, 97, 98, 99, 100, 125, 126, 127, 128, 129, 130, 131]
[0, 1, 2, 3, 4, 5, 6, 7]
[15, 16, 17, 18, 19, 20, 21, 22]
[53, 54, 55, 56, 57, 58]
[12, 13, 14, 15, 16, 17]
[31, 32, 33, 120, 121, 122, 123, 124, 125, 126, 127, 138, 139, 140, 141, 142, 143, 171, 172, 173, 174, 175]
[4, 5, 6, 7, 29, 30, 31, 32, 129, 130, 131, 132, 239, 240, 241, 242, 243, 244, 260, 261, 262, 263, 264, 265, 266, 267, 268, 369, 370, 371, 372]
[217, 218, 219, 220, 221, 222]
[]
[4, 5, 6, 7, 8, 9, 10, 11, 12, 13, 14, 15, 16, 17, 18, 19, 20, 21, 22, 23, 35, 36, 37, 38, 39, 40, 41, 42, 44, 45, 46, 47, 48, 49, 50, 51, 52, 155, 156, 157, 158, 159, 160, 161]
[78, 79, 80, 81, 82, 83, 84, 85]
[5, 6, 7, 8, 9, 10, 11, 68, 69, 70, 71, 72, 73, 74]
[11, 12, 13, 14, 15, 16, 17, 18, 19, 20, 21, 22, 23, 24, 25, 26, 27, 28, 29, 30, 52, 53, 54, 55, 56, 57, 58, 59, 60]
[75, 76, 77, 78, 79]
[40, 41, 42, 43, 44, 45, 46, 47, 48]
[19, 20, 21, 22, 23, 24, 49, 50, 51, 52]
[305, 306, 307, 308]
[414, 415, 416, 417, 418, 419, 420, 421, 422, 423, 574, 575, 576, 577, 578, 579]
[]
[]
[70, 71, 72, 73, 74, 75]
[112, 113, 114, 115, 116, 117]
[34, 35, 36, 37, 38, 39]
[16, 17, 18, 19, 20, 21]
[44, 45, 46, 47, 48]
[205, 206, 207, 208, 209, 210, 376, 377, 378, 379, 380, 381, 382, 383, 384]
[68, 69, 70, 71, 72]
[182, 183, 184, 185, 186, 187, 188, 189, 190]
[195, 196, 197, 198, 199, 200]
[]
[88, 89, 90, 91, 92, 93, 94, 95]
[153, 154, 155, 156, 157, 158, 159, 160, 161, 162]
[374, 375, 376, 377, 378, 379, 380, 381, 382, 383, 384]
[]
[48, 49, 50, 51, 52, 53, 54, 55, 56, 57, 58]
[292, 293, 294, 295, 296, 420, 421, 422, 423, 424, 425]
[13, 14, 15, 16, 18, 19, 20, 21, 22, 23]
[14, 15, 16, 17, 18, 19, 20, 21]
[123, 124, 125, 126]
[417, 418, 419, 420, 421, 422, 423, 461, 462, 463, 464, 465, 466]
[0, 1, 2, 3]
[177, 178, 179, 180, 181, 182, 183, 184, 185, 186]
[41, 42, 43, 44, 45, 46, 47, 48, 49, 168, 169, 170, 171, 172, 173, 174, 175, 176]
[576, 577, 578, 579, 580, 581]
[45, 46, 47, 48, 49, 50]
[4, 5, 6, 7, 8, 25, 26, 27, 28, 29, 30]
[16, 17, 18, 19, 20, 21]
[145, 146, 147, 148]
[43, 44, 45, 46, 47]
[6, 7, 8, 9, 10, 11, 12]
[]
[6, 7, 8, 9]
[47, 48, 49, 50, 51, 52, 53, 54, 60, 61, 62, 63, 64, 65, 66, 67, 68, 69, 70]
[99, 100, 101, 102, 103, 104]
[]
[]
[393, 394, 395, 396, 397]
[129, 130, 131, 132, 133, 134]
[]
[]
[]
[52, 53, 54, 55, 56, 57, 58, 59, 60, 61, 62, 121, 122, 123, 124, 125, 126]
[114, 115, 116, 117, 118, 119]
[26, 27, 28, 29, 30, 31, 32, 33, 107, 108, 109, 110, 111, 112, 113, 114, 115, 116]
[70, 71, 72, 73, 74]
[109, 110, 111, 112, 113, 209, 210, 211, 212, 213]
[150, 151, 152, 153, 154, 155, 156, 157, 158, 176, 177, 178, 179, 180, 181, 182]
[44, 45, 46, 47, 48, 49]
[0, 1, 2, 3]
[491, 492, 493, 494, 495]
[163, 164, 165, 166, 167]
[]
[142, 143, 144, 145, 146, 147]
[24, 25, 26, 27, 28, 29, 30, 186, 187, 188, 189, 190, 191, 192, 193, 194, 195]
[134, 135, 136, 137]
[110, 111, 112, 113, 114]
[205, 206, 207, 208]
[83, 84, 85, 86, 87, 88]
[94, 95, 96, 97, 98, 99]
[12, 13, 14, 15, 16]
[127, 128, 129, 130, 131, 132, 170, 171, 172, 173]
[0, 1, 2, 3, 9, 10, 11, 12, 13, 14]
[24, 25, 26, 27, 28, 29, 30, 31]
[45, 46, 47, 48]
[13, 14, 15, 16, 17, 121, 122, 123, 124, 125]
[8, 9, 10, 11, 12]
[60, 61, 62, 63, 64, 65, 66, 67]
[88, 89, 90, 91, 92, 93, 94, 95, 97, 98, 99, 100, 101]
[184, 185, 186, 187, 188, 189, 190, 191, 192]
[21, 22, 23, 24, 25]
[79, 80, 81, 82, 83, 84]
[24, 25, 26, 27, 28]
[]
[44, 45, 46, 47, 48, 49, 661, 662, 663, 664, 665, 666]
[77, 78, 79, 80, 81, 82, 83, 142, 143, 144, 145, 146, 147, 148]
[85, 86, 87, 88, 89, 90]
[109, 110, 111]
[158, 159, 160, 161, 162, 163]
[0, 1, 2, 3, 4, 5, 6, 7, 8, 15, 16, 17, 18, 43, 44, 45, 46]
[]
[11, 12, 13, 14, 15, 16, 17]
[23, 24, 25, 26, 27, 28, 29, 30, 31, 81, 82, 83, 84, 85, 86, 87, 88, 89, 90, 91]
[52, 53, 54, 55]
[7, 8, 9, 10, 11, 12]
[]
[25, 26, 27, 28]
[7, 8, 9, 10, 11]
[12, 13, 14, 15, 16, 17, 18, 19, 20, 281, 282, 283, 284]
[6, 7, 8, 9, 10]
[31, 32, 33, 34, 35, 40, 41, 42, 43, 44]
[52, 53, 54, 55, 56]
[75, 76, 77, 78, 79, 80]
[49, 50, 51, 52, 53, 54, 55, 56]
[607, 608, 609, 610, 611]
[]
[10, 11, 12, 13, 14, 15, 16, 522, 523, 524, 525, 526, 527, 528, 578, 579, 580, 581, 582, 583, 584, 585]
[]
[]
[34, 35, 36, 37, 38, 39, 251, 252, 253, 254, 255, 256, 257, 404, 405, 406, 407]
[0, 1, 2, 3, 4, 5, 6, 7, 19, 20, 21, 22, 23, 24, 25, 26, 27, 613, 614, 615, 616, 617, 618]
[75, 76, 77, 78]
[]
[27, 28, 29, 30, 31, 32, 33, 34, 35, 36, 597, 598, 599, 600, 601, 602, 603, 917, 918, 919, 920, 921, 922, 923]
[244, 245, 246, 247, 248, 249, 250, 251, 252, 315, 316, 317, 318, 319, 320, 321, 322]
[18, 19, 20, 21]
[64, 65, 66, 67, 68, 69]
[134, 135, 136, 137]
[]
[382, 383, 384, 385, 386, 387, 388, 389, 390, 391, 392, 395, 396, 397, 398, 399, 400, 401, 419, 420, 421, 422, 423, 424, 425, 426, 427, 428]
[213, 214, 215, 216, 217, 218, 219, 220, 221]
[151, 152, 153, 154, 155]
[8, 9, 10, 11, 12, 13, 14, 15, 48, 49, 50, 51, 52, 53]
[23, 24, 25, 26, 27, 28, 29]
[46, 47, 48, 49, 50, 51, 52, 53, 54]
[0, 1, 2, 3, 4, 5]
[74, 75, 76, 77, 78, 79, 80, 81]
[150, 151, 152, 153, 154, 155, 156, 157, 158]
[18, 19, 20, 21, 22]
[0, 1, 2, 3, 4, 65, 66, 67, 68, 69, 70]
[9, 10, 11, 12, 13, 14, 15, 16, 17, 18, 19, 20, 21, 22, 23, 24, 25, 26, 27, 28, 48, 49, 50, 51, 52, 53, 54, 160, 161, 162, 163, 246, 247, 248, 249, 250, 251, 252]
[245, 246, 247, 248, 250, 251, 252, 253, 254, 255, 256, 257]
[9, 10, 11, 12, 13, 14]
[15, 16, 17, 18, 183, 184, 185, 186, 187, 188, 203, 204, 205, 206, 207, 208, 209, 210]
[32, 33, 34, 35]
[8, 9, 10, 11, 12, 13, 14]
[15, 16, 17, 18, 19, 20]
[29, 30, 31, 32, 33, 34]
[159, 160, 161, 162, 163, 164]
[301, 302, 303, 304, 305, 306]
[4, 5, 6, 7, 8, 9, 10, 11]
[19, 20, 21, 22, 23, 24, 25, 26, 28, 29, 30, 31, 32, 33, 34, 35, 36, 78, 79, 80, 81, 82, 83, 84, 85, 87, 88, 89, 90, 91, 92, 93, 94, 95, 255, 256, 257, 258, 259, 260, 693, 694, 695, 696, 697, 698]
[432, 433, 434, 435, 436]
[106, 107, 108, 109]
[9, 10, 11, 12, 13, 14, 15, 16, 17, 19, 20, 21, 22, 23, 24]
[4, 5, 6, 7, 8, 9, 10, 11, 12, 13, 95, 96, 97, 98, 99, 100, 101, 102, 103, 104, 105, 106, 107, 108, 109, 110, 111, 112, 113, 114, 339, 340, 341, 342]
[7, 8, 9, 10]
[115, 116, 117, 118, 119, 120]
[128, 129, 130, 131, 132, 133, 134, 135, 136]
[14, 15, 16, 17, 18, 19, 20]
[100, 101, 102, 103, 104, 105, 106]
[793, 794, 795, 796, 797, 798]
[14, 15, 16, 17, 18, 19, 20, 29, 30, 31, 32, 33, 34, 35]
[20, 21, 22, 23, 24, 25, 26, 27]
[]
[218, 219, 220, 221, 222]
[15, 16, 17, 18, 19, 20, 55, 56, 57, 58, 59, 60, 61, 62, 63, 102, 103, 104, 105, 150, 151, 152, 153, 154, 155, 156, 157, 158, 384, 385, 386, 387, 388, 389, 390, 391, 392]
[0, 1, 2, 3]
[56, 57, 58, 59, 60, 61, 62, 63]
[217, 218, 219, 220, 221, 222, 223]
[51, 52, 53, 54, 55, 56, 57, 58, 59]
[187, 188, 189, 646, 647, 648, 649]
[133, 134, 135, 136, 137, 138, 139, 140, 141]
[21, 22, 23, 24, 25, 26]
[]
[19, 20, 21, 22, 23, 24]
[15, 16, 17, 18, 56, 57, 58, 59]
[288, 289, 290]
[11, 12, 13, 14, 15, 16]
[49, 50, 51, 52, 53]
[103, 104, 105, 106]
[21, 22, 23, 24, 25, 476, 477, 478, 479, 480]
[]
[15, 16, 17, 18, 19]
[72, 73, 74, 75, 76, 77]
[47, 48, 49, 50, 51, 52, 53, 54, 55, 56, 57, 58, 136, 137, 138, 139, 140, 141]
[107, 108, 109, 110, 111]
[10, 11, 12, 13, 14, 15, 16, 17, 18, 19, 261, 262, 263, 264, 265, 266]
[803, 804, 805, 806, 807, 808]
[24, 25, 26, 27, 28, 29, 30, 75, 76, 77, 78]
[13, 14, 15, 16, 17]
[26, 27, 28, 29, 30, 31, 32, 33]
[]
[9, 10, 11, 12, 13, 14, 15, 16, 23, 24, 25, 26, 27, 28, 29, 30, 31, 72, 73, 74, 75, 76, 218, 219, 220, 221, 222, 223]
[88, 89, 90, 91, 92, 93, 94, 95, 96, 233, 234, 235, 236, 237, 238, 239, 240, 241, 283, 284, 285, 286]
[15, 16, 17, 18, 19, 20]
[115, 116, 117, 118, 119, 125, 126, 127, 128, 129, 130]
[0, 1, 2, 3, 4, 5]
[168, 169, 170, 171, 172, 173]
[32, 33, 34, 35, 36, 37, 38, 39]
[]
[]
[146, 147, 148, 149, 150, 151]
[23, 24, 25, 26]
[0, 1, 2, 3]
[]
[16, 17, 18, 19, 20, 42, 43, 44, 45, 46, 47]
[49, 50, 51, 52, 53]
[124, 125, 126, 127, 128, 129, 130]
[116, 117, 118, 119, 120]
[]
[28, 29, 30, 31, 32]
[27, 28, 29, 30, 31, 169, 170, 171, 172, 173, 174, 175, 176, 177]
[19, 20, 21, 22, 23]
[38, 39, 40, 41, 42, 43, 44, 112, 113, 114, 115, 116, 117, 118]
[193, 194, 195, 196, 197, 198]
[176, 177, 178, 179, 180, 181, 182, 183, 184, 185, 186, 187, 188, 189, 192, 193, 194, 195, 196, 197, 198, 199, 200, 201, 202, 203, 204, 205, 208, 209, 210, 211, 212, 213, 214, 215, 216, 219, 220, 221, 222, 223, 224, 225, 226, 227, 228, 229, 232, 233, 234, 235, 236, 237, 238, 239, 240, 241, 341, 342, 343, 344, 345, 346, 347, 348, 349, 350]
[22, 23, 24, 53, 54, 55, 56, 57, 58, 127, 128, 129, 130, 131, 132, 133, 134, 135]
[12, 13, 14, 15, 16]
[66, 67, 68, 69, 70, 71, 72, 73, 74, 75]
[0, 1, 2, 3, 4, 5, 6, 7, 8, 977, 978, 979, 980, 981, 982, 983, 984, 985, 986, 988, 989, 990, 991, 992, 993, 994, 995, 996, 997]
[150, 151, 152, 153, 165, 166, 167, 168, 248, 249, 250, 251, 252, 253, 254, 255]
[156, 157, 158, 159, 160, 161, 381, 382, 383, 384, 385]
[29, 30, 31, 32, 33, 34, 35, 36]
[305, 306, 307, 308, 309, 310, 311, 312]
[20, 21, 22, 23, 24, 25, 26, 54, 55, 56, 57, 58, 59, 60, 61, 62]
[11, 12, 13, 14, 15]
[20, 21, 22, 23, 24, 60, 61, 62, 63]
[0, 1, 2, 3, 4, 5, 6]
[113, 114, 115, 116, 117, 118]
[99, 100, 101, 102, 103, 104, 105, 106, 107, 108, 110, 111, 112, 113, 114, 115]
[193, 194, 195, 196, 197, 198, 199]
[14, 15, 16, 17]
[]
[7, 8, 9, 10, 11, 12, 13, 14]
[38, 39, 40, 41, 183, 184, 185, 186, 187]
[]
[130, 131, 132, 133, 134, 135, 167, 168, 169, 170, 171, 172, 173, 174]
[5, 6, 7, 8, 9, 10, 11, 12, 14, 15, 16, 17]
[]
[]
[4, 5, 6, 7, 8, 9, 10, 11]
[0, 1, 2, 3, 176, 177, 178, 179, 180, 181]
[]
[5, 6, 7, 8, 133]
[42, 43, 44, 45]
[]
[22, 23, 24, 25, 26]
[10, 11, 12, 13, 14, 15]
[182, 183, 184, 185, 186, 187, 188, 189, 190]
[80, 81, 82, 83, 84, 85, 86, 88, 89, 90, 91, 92, 93, 94, 95, 96]
[13, 14, 15, 16]
[61, 62, 63, 64, 166, 167, 168, 169]
[418, 419, 420, 421, 422, 423]
[17, 18, 19, 20, 21, 101, 102, 103, 104, 105]
[]
[60, 61, 62, 63, 64]
[70, 71, 72, 73, 74, 75, 83, 84, 85, 86, 87, 88]
[15, 16, 17, 18, 35, 36, 37, 38, 39, 40, 41]
[10, 11, 12, 13, 14, 15]
[66, 67, 68, 69, 70, 71, 72, 73]
[92, 93, 94, 95, 222, 223, 224, 225, 226, 227, 228, 258, 259, 260, 261, 262, 263, 264, 265, 266]
[]
[313, 314, 315, 316, 317]
[498, 499, 500, 501, 502, 503, 525, 526, 527, 528, 529, 530, 531, 532, 534, 535, 536]
[43, 44, 45, 46, 47, 48]
[11, 12, 13, 31, 32, 33, 34]
[11, 12, 13, 14, 27, 28, 29, 30]
[10, 11, 12, 13, 25, 26, 27, 28]
[24, 25, 26, 27, 28, 29, 30]
[]
[291, 292, 293, 294, 295, 296, 297, 298, 299]
[144, 145, 146, 147, 148]
[140, 141, 142, 143, 144]
[59, 60, 61, 62, 63, 64, 65, 99, 100, 101, 102, 103]
[10, 11, 12, 13]
[151, 152, 153, 154, 155, 156, 158, 159, 160, 161, 162, 163, 164, 165, 307, 308, 309, 310, 311, 312, 313, 314, 315]
[354, 355, 356, 357, 358, 359]
[152, 153, 154, 155]
[92, 93, 94, 95, 96, 97]
[35, 36, 37, 38, 39, 40, 41, 42, 43]
[42, 43, 44, 45, 46, 47, 59, 60, 61, 62, 63, 64]
[8, 9, 10, 11, 12]
[]
[50, 51, 52, 53, 54, 55, 56, 57]
[]
[15, 16, 17, 195, 196, 197, 198]
[]
[]
[18, 19, 20, 21, 22]
[57, 58, 59, 60, 61]
[279, 280, 281, 282, 283, 284]
[111, 112, 113, 114, 115, 116, 117]
[75, 76, 77, 78, 79]
[41, 42, 43, 44, 45, 46, 47, 48, 158, 159, 160]
[217, 218, 219, 220, 221, 222, 223, 224]
[21, 22, 23, 24, 25]
[27, 28, 29, 30]
[181, 182, 183, 184, 185, 186]
[39, 40, 41, 42, 43, 44]
[60, 61, 62, 63, 64, 65]
[]
[]
[]
[91, 92, 93, 94, 95, 96, 183, 184, 185, 186, 187, 188, 189, 191, 192, 193, 194, 195, 196, 197]
[647, 648, 649, 650, 651]
[]
[19, 20, 21, 22, 23, 24, 25, 26, 27, 28, 29, 30, 31, 32, 33, 92, 93, 94, 95, 96, 97, 98, 99]
[0, 1, 2, 3, 4, 5]
[127, 128, 129, 130, 131, 132]
[8, 9, 10, 11, 13, 14, 15, 16, 17, 18, 19, 20]
[41, 42, 43, 44, 45, 46, 47, 48, 49]
[22, 23, 24, 25, 26, 27, 28, 29]
[68, 69, 70, 71]
[15, 16, 17, 18, 19, 20, 145, 146, 147, 148, 149, 150]
[0, 1, 2, 105, 106, 107, 108]
[0, 1, 2, 3, 4, 72, 73, 74, 75, 76, 77, 78, 79]
[4, 5, 6, 7]
[]
[84, 85, 86, 87, 88, 89, 151, 152, 153, 154, 155, 156, 182, 183, 184, 185, 186, 187, 188, 189]
[51, 52, 53, 54, 55, 56, 122, 123, 124, 125, 126, 127, 128, 271, 272, 273, 274, 275, 276, 277, 438, 439, 440, 441, 442, 443, 444, 445, 446, 447, 448, 449, 451, 452, 453, 454, 455, 456, 457]
[58, 59, 60, 61, 62, 63]
[]
[280, 281, 282, 283, 284]
[]
[62, 63, 64, 65, 66, 121, 122, 123, 124, 125, 126]
[8, 9, 10, 11, 12, 54, 55, 56, 57, 58, 59, 60, 61, 102, 103, 104, 105, 154, 155, 156, 157, 167, 168, 169, 170, 171, 172, 173, 174]
[34, 35, 36, 37]
[25, 26, 27, 28, 29, 30, 31, 32, 33]
[86, 87, 88, 89, 174, 175, 176, 177, 236, 237, 238, 239]
[40, 41, 42, 43, 44, 45]
[]
[8, 9, 10, 11, 12, 13, 14, 15]
[11, 12, 13, 14, 15, 16, 17, 18, 19, 67, 68, 69, 70, 71, 72, 85, 86, 87, 88]
[0]
[24, 25, 26]
[81, 82, 83, 84, 85, 86, 87, 88, 89, 90]
[201, 202, 203, 204]
[53, 54, 55, 56, 57, 58]
[]
[0, 1, 2, 3, 4, 5, 6, 7, 8, 19, 20, 21, 22, 39, 40, 41, 42, 43, 44, 45, 63, 64, 65, 66, 67, 68, 69, 70, 71]
[62, 63, 64, 65, 66, 67, 68, 69]
[41, 42, 43, 44, 45, 46]
[74, 75, 76, 77, 78, 79, 95, 96, 97, 98, 99, 100, 108, 109, 110, 111, 112, 113]
[249, 250, 251, 252, 253, 254]
[466, 467, 468, 469, 470, 471, 521, 522, 523, 524, 525, 539, 540, 541, 542, 543, 581, 582, 583, 584]
[151, 152, 153, 154, 155, 156, 157, 158, 159]
[21, 22, 23, 24, 25, 26, 145, 146, 147]
[]
[9, 10, 11, 12, 13, 14, 15, 16, 17]
[]
[20, 21, 22, 23, 24, 25]
[228, 229, 230, 231, 232, 233, 234, 235]
[]
[15, 16, 17]
[]
[30, 31, 32, 33, 34, 35]
[11, 12, 13, 14, 15, 16, 17, 18, 30, 31, 32, 33, 34, 39, 40, 41, 42, 43, 44]
[140, 141, 142, 143, 144, 150, 151, 152, 153, 154, 155, 206, 207, 208, 209, 210, 211, 212, 213, 229, 230, 231, 232, 233]
[98, 99, 100, 101, 102, 103]
[]
[10, 11, 12, 13, 14]
[88, 89, 90, 91, 117, 118, 119, 120]
[]
[4, 5, 6, 7, 8, 137, 138, 139, 140]
[29, 30, 31, 32, 36, 37, 38, 39, 40, 41, 42, 43]
[12, 13, 14, 15, 16]
[179, 180, 181, 182, 183, 184, 185, 186, 187, 188, 189]
[]
[]
[11, 12, 13, 14, 15, 60, 61, 62, 63, 64, 65, 145, 146, 147, 148, 149]
[31, 32, 33, 34, 35]
[31, 32, 33, 34, 35, 36, 160, 161, 162, 163, 164]
[7, 8, 9, 10, 11, 12]
[159, 160, 161, 162]
[26, 27, 28, 29, 301, 302, 303, 304, 305, 306, 307, 308]
[64, 65, 66, 67, 68, 69, 97, 98, 99, 100, 101]
[30, 31, 32, 33, 34]
[13, 14, 15, 16]
[366, 367, 368, 369, 370, 371]
[552, 553, 554, 555, 556, 557, 558, 559, 560]
[198, 199, 200, 201, 202, 203]
[75, 76, 77, 78, 79, 80, 81, 82, 83, 84]
[109, 110, 111, 112, 113, 114]
[8, 9, 10, 11, 12, 13, 14, 66, 67, 68, 84, 85, 86, 87, 88, 89, 90]
[143, 144, 145, 146, 147, 148, 149, 150]
[212, 213, 214, 215, 216, 217, 218, 219]
[105, 106, 107, 108, 109, 140, 141, 142, 143, 144, 145, 146, 147, 148]
[9, 10, 11, 12]
[]
[42, 43, 44, 45, 46, 47]
[54, 55, 56, 57, 58, 59, 60, 61, 62, 127, 128, 129, 130, 131, 132, 133]
[1, 2, 3, 4, 5, 6]
[0, 1, 2, 3, 4, 5, 6, 7]
[7, 8, 9, 10, 11, 12, 13, 112, 113, 114, 115, 116]
[0, 1, 2, 3, 4, 5]
[]
[150, 151, 152, 153, 154, 179, 180, 181, 182, 183, 184, 185]
[0, 1, 2, 3, 4, 5, 6]
[729, 730, 731, 732, 733]
[14, 15, 16, 17, 18]
[19, 20, 21, 22, 23, 24, 25, 26, 27]
[]
[]
[289, 290, 291, 292, 293, 294]
[31, 32, 33, 34, 35, 36, 37, 38, 39, 40]
[19, 20, 21, 22, 23, 24, 25, 26, 93, 94, 95, 96]
[184, 185, 186, 187, 188, 189, 190]
[]
[168, 169, 170, 171]
[36, 37, 38, 39, 40]
[48, 49, 50, 51]
[136, 137, 138, 139, 140, 141]
[180, 181, 182, 183, 268, 269, 270, 271, 272]
[27, 28, 29, 30, 31]
[39, 40, 41, 42, 43, 44, 45, 46, 48, 49, 50, 51, 52]
[]
[31, 32, 33, 34, 35]
[360, 361, 362, 363, 364, 365, 366, 367, 368, 369, 370, 371, 372, 564, 565, 566, 567, 568, 574, 575, 576, 577, 578, 579]
[54, 55, 56, 57, 58, 59]
[20, 21, 22, 23, 24, 25, 27, 28, 29, 30, 31]
[82, 83, 84, 85, 86, 87]
[4, 5, 6, 7, 8, 9, 131, 132, 133, 134, 135, 136, 305, 306, 307, 308, 310, 311, 312]
[45, 46, 47, 48, 49, 50]
[25, 26, 27, 28, 29, 30, 38, 39, 40, 41]
[]
[176, 177, 178, 179, 180, 181]
[173, 174, 175, 176, 177]
[80, 81, 82, 83, 84, 85, 86, 87, 88, 89, 90]
[46, 47, 48]
[11, 12, 13, 14, 15, 28, 29, 30, 31, 32, 55, 56, 57, 58]
[19, 20, 21, 22, 36, 37, 38, 39]
[116, 117, 118, 119]
[49, 50, 51, 52, 53, 54, 55, 56, 57, 58, 59, 60, 61, 62]
[114, 115, 116, 117, 118, 119]
[133, 134, 135, 136, 137, 138, 261, 262, 263, 264, 265, 266]
[31, 32, 33, 34]
[15, 16, 17, 18, 19, 20, 21]
[139, 140, 141, 142, 143, 144, 145]
[44, 45, 46, 47, 48, 49, 50, 489, 490, 491, 492, 493, 494, 495]
[4, 5, 6, 7, 72, 73, 74, 75, 76, 325, 326, 327, 328, 330, 331, 332, 333, 518, 519, 520, 521]
[15, 16, 17, 18]
[83, 84, 85, 86, 87, 88, 89, 90, 91]
[26, 27, 28, 29, 30, 31]
[0, 1, 2, 3, 4, 5, 6, 16, 17, 18, 19, 20]
[244, 245, 246, 247, 248, 249, 250, 251]
[61, 62, 63, 64, 65]
[26, 27, 28, 29, 30, 31, 32, 33, 34, 35, 61, 62, 63, 64, 65, 66]
[22, 23, 24, 25]
[16, 17, 18, 19, 20]
[]
[89, 90, 91, 92, 109, 110, 111, 112, 113, 114]
[]
[459, 460, 461, 462, 463, 464]
[65, 66, 67, 68, 69]
[86, 87, 88, 89, 90]
[0, 1, 2, 3]
[66, 67, 68, 69, 70]
[290, 291, 292, 293, 294, 295, 296, 297, 656, 657, 658, 659, 660, 661, 662, 663, 664]
[3, 4, 5, 6, 7, 8, 9, 10, 12, 13, 14, 15, 16, 17, 66, 67, 68, 69]
[71, 72, 73, 74, 75, 76, 77, 78]
[83, 84, 85, 86, 87]
[]
[41, 42, 43, 44, 45]
[13, 14, 15, 16, 17, 18, 19, 20, 21]
[232, 233, 234, 235, 236, 237, 238]
[7, 8, 9, 10]
[7, 8, 9, 10, 11, 12, 13, 28, 29, 30, 31, 32, 165, 166, 167, 168, 169, 170, 171, 172, 173, 174]
[]
[214, 215, 216, 217]
[15, 16, 17, 18, 19, 20]
[115, 116, 117, 118, 119, 120, 121, 122, 123, 124, 125]
[95, 96, 97, 98, 171, 172, 173, 174, 175]
[24, 25, 26, 27, 28, 29, 270, 271, 272, 273, 274, 275]
[13, 14, 15, 16, 17, 60, 61, 62, 63, 64]
[]
[23, 24, 25, 26, 27, 28, 29, 79, 80, 81, 82, 83, 84, 85, 86, 427, 428, 429, 430, 431, 625, 626, 627, 628, 629, 630, 631, 632]
[397, 398, 399, 400, 401, 402, 425, 426, 427, 428, 429, 430, 431, 432, 433]
[505, 506, 507, 508, 509]
[112, 113, 114, 115, 116]
[31, 32, 33, 34, 35]
[0, 1, 2, 3, 4]
[0, 1, 2, 3]
[]
[30, 31, 32, 33, 34, 156, 157, 158, 159, 160]
[]
[31, 32, 33, 34, 35, 36, 37, 38]
[144, 145, 146, 147, 148]
[0, 1, 2, 3]
[164, 165, 166, 167, 168, 169, 170]
[59, 60, 61, 62, 63, 65, 66, 67, 68, 69]
[61, 62, 63, 64, 65, 66]
[14, 15, 16, 17, 18, 19, 20, 21, 22, 23, 24, 25, 27, 28, 29, 30, 31, 139, 140, 141, 142, 143, 144]
[30, 31, 32, 33, 34, 35, 229, 230, 231, 232, 233, 234, 235, 236, 237, 238]
[18, 19, 20, 21, 22, 23, 24, 25, 26]
[28, 29, 30, 31, 32, 97, 98, 99, 100, 101]
[23, 24, 25, 26, 27, 28, 29, 30, 32, 33, 34, 35, 36]
[152, 153, 154, 155, 156, 157]
[15, 16, 17, 18, 19]
[17, 18, 19, 20, 21, 199, 200, 201, 202, 203, 204, 205, 206, 207, 219, 220, 221, 222, 223, 224, 225, 226, 227]
[42, 43, 44]
[106, 107, 108, 109, 110, 111]
[22, 23, 24, 25]
[0, 1, 2, 3, 4, 5, 6, 7]
[]
[30, 31, 32, 33, 34, 35, 36, 37]
[5, 6, 7, 8, 78, 79, 80, 81, 124, 125, 126, 127, 128, 460, 461, 462, 463, 464]
[225, 226, 227, 228, 229, 230, 231, 232, 233, 685, 686, 687, 688, 689, 690, 691, 692, 693, 694]
[106, 107, 108, 109, 110, 111, 112, 113]
[40, 41, 42, 43, 44, 45, 46, 47, 48, 95, 96, 97, 98, 99, 100, 101, 102, 104, 105, 106, 107, 108]
[8, 9, 10, 11, 88, 89, 90, 91, 124, 125, 126, 127, 128, 129, 130]
[0, 1, 2, 3]
[2, 3, 4, 5]
[24, 25, 26, 27, 28]
[41, 42, 43, 44, 45, 46, 47, 48, 49]
[251, 252, 253, 254, 255, 256, 257, 258, 269, 270, 271, 272, 273, 274]
[20, 21, 22, 23, 24, 25]
[]
[160, 161, 162, 163, 164]
[]
[0, 1, 2, 3, 4, 5, 7, 8, 9, 10]
[496, 497, 498, 499, 500, 501]
[9, 10, 11, 66, 67, 68, 69, 70, 71]
[]
[4, 5, 6, 7]
[295, 296, 297, 298, 299]
[20, 21, 22, 23, 24, 25, 26, 27, 28, 29, 30, 665, 666, 667, 668, 669, 670, 680, 681, 682, 683, 684, 685]
[34, 35, 36, 37, 38, 39]
[76, 77, 78, 79, 80]
[10, 11, 12, 13, 14, 78, 79, 80, 81]
[10, 11, 12, 13, 14, 19, 20, 21, 205, 206, 207, 239, 240, 241, 322, 323, 324, 325, 326, 345, 346, 347, 348, 349, 350]
[115, 116, 117, 118, 119, 120]
[116, 117, 118, 119, 284, 285, 286, 287, 288, 366, 367, 368, 369, 370, 371, 372, 373, 704, 705, 706, 707, 708]
[37, 38, 39, 40, 41, 42, 43, 44, 45, 46, 47, 48, 49, 50, 309, 310, 311, 312, 313, 314]
[0, 1, 2, 3, 4, 5, 6]
[10, 11, 12, 13, 14, 19, 20, 21, 22, 23, 24, 25, 27, 28, 29, 30, 31]
[43, 44, 45, 46, 47, 48, 49, 50, 51, 52, 53, 54, 55, 56, 57, 58, 59, 60, 61, 62]
[111, 112, 113, 114, 115, 116]
[89, 90, 91, 92]
[282, 283, 284, 285, 286, 287, 288, 289, 290]
[15, 16, 17, 18, 19, 20, 169, 170, 171, 172, 173, 174, 220, 221, 222, 223, 224]
[]
[38, 39, 40, 41, 42, 43, 111, 112, 113, 114, 115]
[53, 54, 55, 56, 57]
[22, 23, 24, 25, 26, 27, 28, 29, 30]
[923, 924, 925, 926, 927, 928, 947, 989, 990, 991, 992, 993, 994]
[324, 325, 326, 327, 328, 329, 348, 349, 350, 351, 352, 353]
[14, 15, 16, 17, 18, 159, 160, 161, 162, 163]
[4, 5, 6, 7, 8, 9, 16, 17, 18, 19]
[0, 1, 2, 3, 4, 5, 6, 7, 735, 736, 737, 738, 739]
[10, 11, 12, 13, 14]
[23, 24, 25, 26, 27]
[22, 23, 24, 25, 26, 27, 28, 29, 30, 31, 32, 33]
[19, 20, 21, 22, 23, 24, 25, 26, 27, 142, 143, 144]
[0, 1, 2, 3, 4]
[]
[192, 193, 194, 195, 196, 197, 198]
[9, 10, 11, 12, 16, 17]
[83, 84, 85, 86, 87, 88, 89, 90, 91]
[23, 24, 25, 26, 27, 28, 49, 50, 51, 52, 53, 54]
[0, 1, 2, 3, 4]
[56, 57, 58, 59, 60, 61, 62, 63]
[]
[54, 55, 56, 57, 58]
[321, 322, 323, 324, 325, 326, 327, 328, 329, 330]
[166, 167, 168, 169, 170, 171, 172, 173, 174, 175, 196, 197, 198, 199, 200]
[89, 90, 91, 92]
[10, 11, 12, 13, 14, 15, 16, 17, 18, 156, 157, 158, 159, 160, 161, 162, 163]
[137, 138, 139, 140, 141]
[16, 17, 18, 19, 20]
[]
[5, 6, 7, 8, 9, 10, 11, 12, 13]
[65, 66, 67, 68, 69, 70, 71, 72, 645, 646, 647, 648, 649, 650]
[128, 129, 130, 131, 132, 133, 134, 136, 137, 138, 139, 140, 141, 142, 143, 212, 213, 214, 215, 216, 217, 277, 278, 279, 280, 281, 282, 283, 284]
[0, 1, 2, 3, 4]
[83, 84, 85, 86, 87]
[0, 1, 2, 3, 4, 5, 6, 7]
[173, 174, 175, 176, 177, 178]
[552, 553, 554]
[54, 55, 56, 57, 58, 59, 60, 61, 62]
[173, 174, 175, 176, 183, 184, 185, 186]
[12, 13, 14, 15, 16, 17]
[5, 6, 7, 8, 9, 10, 11]
[23, 24, 25, 26]
[]
[16, 17, 18, 19, 20, 21, 36, 37, 38, 39, 41, 42, 43, 44, 45, 46, 618, 619, 620, 621, 622]
[193, 194, 195, 196, 197, 198]
[]
[8, 9, 10, 11, 12, 13, 33, 34, 35, 36, 37, 38]
[206, 207, 208, 209]
[]
[]
[123, 124, 125, 126, 127, 128, 129, 130, 131, 132]
[31, 32, 33, 34, 35]
[9, 10, 11, 12, 13, 14, 15, 16, 17, 31, 32, 33, 34, 35, 36, 37, 38, 39]
[48, 49, 50, 51]
[]
[30, 31, 32, 33, 34, 35]
[26, 27, 28, 29, 30, 31]
[39, 40, 41, 42, 194, 195, 196, 197, 198, 199, 200, 201, 203, 204, 205, 206, 207, 208, 209, 210, 287, 288, 289, 290, 291, 292]
[]
[3, 4, 5, 6, 7, 8, 9, 14, 15, 16, 17, 18, 19, 20, 21, 22, 23]
[243, 244, 245, 246, 247, 248, 249, 250, 251, 252, 253, 254]
[]
[]
[114, 115, 116, 117, 118, 119]
[43, 44, 45, 46, 47]
[247, 248, 249, 250, 251, 252, 253, 254]
[17, 18, 19, 20, 21, 37, 38, 39, 40, 41, 42]
[269, 270, 271, 272, 273, 274, 275, 276, 277]
[8, 9, 10, 11, 12, 13, 14, 15]
[35, 36, 37, 38, 39, 40, 41, 42, 43]
[]
[10, 11, 12, 13, 14, 31, 32, 33, 34, 35]
[68, 69, 70, 71, 72, 73, 74, 75, 76]
[57, 58, 59, 60, 61, 62, 63]
[13, 14, 15, 16, 17, 18, 19]
[156, 157, 158, 159, 160]
[11, 12, 13, 14, 15, 16, 124, 125, 126, 127, 128, 129, 176, 177, 178, 179, 180, 181, 182, 183, 184, 185, 218, 219, 220, 221, 222, 223, 224, 225, 226, 227]
[70, 71, 72, 73, 74, 75, 76]
[]
[173, 174, 175, 176, 193, 194, 195, 196, 216, 217, 218, 219, 269, 270, 271, 272]
[]
[255, 256, 257, 258, 259, 260, 261, 262, 263]
[120, 121, 122, 123]
[4, 5, 6, 7, 8, 9, 47, 48, 49, 50, 51, 52, 53, 54]
[61, 62, 63, 64, 65, 66, 68, 69, 70]
[270, 271, 272, 273]
[74, 75, 76, 77, 78, 81, 82, 83, 84, 85, 86, 92, 93, 94, 95, 96, 97, 201, 202, 203, 204, 205, 206, 207, 208, 209, 210, 211, 212]
[189, 190, 191, 192, 193, 194]
[9, 10, 11, 12, 13, 14, 62, 63, 64, 65, 71, 72, 73, 74, 75, 76, 77, 78, 91, 92, 93, 94, 95, 96, 97, 98, 99, 100, 101, 102, 103]
[4, 5, 6, 7, 8, 339, 340, 341, 342, 343]
[10, 11, 12, 13, 14, 15]
[18, 19, 20, 21, 22, 23]
[54, 55, 56, 57, 58, 59, 60]
[121, 122, 123, 124, 125]
[155, 156, 157, 158, 159, 160, 161, 162, 163, 164, 165, 166, 172, 173, 174, 175, 176, 177, 178, 179, 216, 217, 218, 219, 220, 221, 222, 223]
[0, 1, 2, 3, 4, 5, 6, 7]
[94, 95, 96, 97]
[444, 445, 446, 447, 448, 449]
[]
[]
[24, 25, 26, 27, 28, 29, 83, 84, 85, 86, 87, 88]
[46, 47, 48, 49, 50, 51, 52]
[322, 323, 324, 325, 326, 327, 328, 329, 330, 331, 332, 333]
[35, 36, 37, 38, 39, 40, 41, 42, 43, 44, 87, 88, 89, 90, 91, 92, 93, 95, 96, 97, 98, 99]
[12, 13, 14, 15, 16, 17, 18, 19, 21, 22, 23, 24, 25, 51, 52, 53, 54, 135, 136, 137, 138, 139, 140, 141]
[67, 68, 69, 70, 71, 72, 73, 102, 103, 104, 105, 106, 107, 108, 109, 219, 220, 221, 222, 223, 224, 225, 226, 227, 228]
[38, 39, 40, 41, 42, 43, 44, 45]
[67, 68, 69, 70, 71, 72, 73, 74, 75]
[30, 31, 32, 33, 34, 35, 36, 37]
[]
[9, 10, 11]
[73, 74, 75, 76, 77, 78, 214, 215, 216, 217, 218]
[25, 26, 27, 28, 29, 30]
[0, 1, 2, 3, 4, 5, 13, 14, 15, 16, 17, 18]
[53, 54, 55, 56, 57, 58, 59, 60, 61, 135, 136, 137, 138, 139, 140, 141, 142, 143]
[32, 33, 34, 35, 36]
[120, 121, 122, 123, 124, 125]
[120, 121, 122, 123, 124, 132, 133, 134, 135, 136]
[39, 40, 41, 42, 43, 44, 45, 52, 53, 54, 55, 56, 57, 58]
[29, 30, 31, 32, 33, 34, 35, 36, 47, 48, 49, 50, 51, 52]
[]
[320, 321, 322, 323, 324, 325, 326]
[20, 21, 22, 23, 25, 26, 27, 28, 29, 30]
[250, 251, 252]
[38, 39, 40, 41, 42]
[]
[9, 10, 11, 12, 13, 58, 59, 60, 61, 62, 63, 64, 65, 66]
[7, 8, 9, 10, 11, 12]
[13, 14, 15, 16, 17]
[23, 24, 25, 26, 27]
[111, 112, 113, 114, 115, 116, 117, 118, 119, 120, 182, 183, 184, 185, 186, 187]
[6, 7, 8, 9]
[60, 61, 62, 63, 64, 65, 66]
[18, 19, 20, 21, 22, 23, 24, 25, 316, 317, 318, 319, 320, 321, 322, 323]
[77, 78, 79, 83, 84, 85, 86, 87, 116, 117, 118, 125, 126, 127, 128, 129, 130]
[]
[198, 199, 200, 201, 202]
[5, 6, 7, 8, 9, 10, 11]
[]
[44, 45, 46, 47, 48]
[12, 13, 14, 15, 16]
[10, 11, 12, 13, 14]
[229, 230, 231, 232, 233, 234, 272, 273, 274, 275, 276, 277, 278, 279]
[23, 24, 25, 26, 27, 28]
[74, 75, 76, 77, 78, 79, 80, 81, 83, 84, 85, 86, 87, 88, 89, 90]
[363, 364, 365, 366, 367, 368, 369, 411, 412, 413, 414, 415]
[23, 24, 25, 26, 27]
[218, 219, 220, 221, 222]
[120, 121, 122, 123, 124, 125]
[383, 384, 385, 386, 387, 388]
[68, 69, 70]
[45, 46, 47, 48, 49, 50, 93, 94, 95, 96, 97]
[]
[105, 106, 107, 108, 109, 110, 111, 112, 113, 114, 115, 116, 117, 118, 119, 161, 162, 163, 164, 165, 166]
[0, 1, 2, 3, 4, 5, 6, 259, 260, 261, 262, 263, 264]
[15, 16, 17, 18, 19]
[65, 66, 67, 68, 69]
[170, 171, 172, 173, 174, 175, 176, 191, 192, 193, 194, 195, 196, 197, 198, 199]
[39, 40, 41, 42, 43, 44, 45, 46, 47]
[292, 293, 294, 295, 296, 297]
[33, 34, 35, 36, 37, 38]
[109, 110, 111, 112, 113]
[47, 48, 49, 50]
[25, 26, 27, 28, 29, 30, 31, 32, 33]
[35, 36, 37, 38]
[42, 43, 44, 45, 46, 47, 48, 49]
[0, 1, 2, 3, 6, 7, 8, 9, 12, 13, 14, 15]
[327, 328, 329, 330, 331, 332, 395, 396, 397, 398, 399, 400]
[]
[80, 81, 82, 83, 84]
[53, 54, 55, 56, 57, 58, 127, 128, 129, 130, 131, 132, 133, 134, 150, 151, 152, 153, 154, 155]
[15, 16, 17, 18, 19, 20]
[20, 21, 22, 23, 24, 25, 26, 27]
[15, 16, 17]
[]
[34, 35, 36, 37, 38, 105, 106, 107, 108, 109, 110, 111]
[47, 48, 49, 50, 51, 52, 53, 61, 62, 63, 64]
[27, 28, 29, 30, 31, 32, 33]
[]
[52, 53, 54, 55, 56, 57]
[61, 62, 63, 64, 65, 66]
[]
[56, 57, 58, 59, 60, 61]
[291, 292, 293, 294, 295, 296, 297, 298, 299, 500, 501, 502, 503, 504, 505, 506, 507, 508]
[104, 105, 106, 107, 108, 109, 110, 111, 112]
[55, 56, 57, 58, 59, 60]
[164, 165, 166, 167, 168, 205, 206, 207, 208, 209, 210]
[57, 58, 59, 60, 61, 62, 114, 115, 116, 117, 118, 119, 120, 386, 387, 388, 389, 390, 391]
[28, 29, 30, 31, 32, 161, 162, 163, 164, 165, 166, 167]
[35, 36, 37, 38, 39, 40, 41, 42, 44, 45, 46, 47, 211, 212, 213, 214, 215, 216, 217, 218, 219, 241, 242, 243, 244, 245, 339, 340, 341, 342, 362, 363, 364, 365, 366, 367, 368, 369, 371, 372, 373, 374, 375, 376, 377, 378, 379, 397, 398, 399, 400, 401, 402]
[24, 25, 26, 27, 28]
[7, 8, 9, 10, 11]
[]
[]
[287, 288, 289, 290, 291, 292, 688, 689, 690, 691, 692, 693]
[227, 228, 229, 230, 231, 232, 233]
[14, 15, 16, 17, 18, 19]
[55, 56, 57, 58]
[121, 122, 123, 124, 125, 126, 127, 128, 129, 130, 132, 133, 134, 135, 136]
[67, 68, 69, 70, 71, 101, 102, 103, 104, 105, 106, 107, 108]
[14, 15, 16, 17, 18, 19]
[7, 8, 9, 10, 11, 12, 153, 154, 155, 156, 157, 158, 159, 160, 161, 162]
[24, 25, 26, 27, 28, 29, 30, 31, 32]
[124, 125, 126, 127, 128, 129, 130, 131, 132]
[230, 231, 232, 233, 234, 235, 236, 237, 238, 276, 277, 278, 279, 280]
[24, 25, 26, 27, 100, 101, 102, 103, 104, 105]
[11, 12, 13, 14, 15, 16, 17, 18, 19, 20, 21, 22, 23, 24, 25, 26, 27, 28, 29, 30, 31, 32]
[4, 5, 6, 7]
[]
[31, 32, 33, 34, 35, 36, 37, 38, 39, 264, 265, 266, 267, 268, 269, 270, 271, 272, 295, 296, 297, 298, 299, 300]
[67, 68, 69, 70, 71, 72, 98, 99, 100, 101, 102, 185, 186, 187, 188, 189, 190]
[0, 1, 2, 3, 4]
[71, 72, 73, 74, 75]
[433, 434, 435, 436, 437]
[123, 124, 125, 126, 127, 128, 129, 130, 131]
[]
[32, 33, 34, 35, 36]
[0, 1, 2, 3, 4, 5, 6, 7, 8, 9]
[229, 230, 231, 232, 233]
[23, 24, 25, 26, 27, 28, 29, 30, 31, 32]
[83, 84, 85, 86, 87, 88]
[739, 740, 741, 769, 770, 771, 772, 773, 774, 775, 776, 777]
[4, 5, 6, 7, 8]
